+0,+2.10468
+0.0004,+2.39743
+0.0008,+2.59375
+0.0012,+3.03462
+0.0025,+3.48465
+0.0028,+3.79935
+0.003,+3.94727
+0.0033,+3.76918
+0.0037,+3.52301
+0.0041,+3.46786
+0.0044,+3.1615
+0.0049,+3.10921
+0.0052,+3.16808
+0.0057,+3.02463
+0.0061,+2.89013
+0.0064,+2.84917
+0.0068,+2.62343
+0.0073,+2.80277
+0.0077,+2.69425
+0.0081,+2.80949
+0.0084,+2.84706
+0.0088,+2.93814
+0.0092,+2.92233
+0.0097,+3.01536
+0.0101,+2.89977
+0.0104,+2.86608
+0.0108,+2.7827
+0.0112,+2.54634
+0.0117,+2.81236
+0.0121,+2.81099
+0.0124,+2.59669
+0.0128,+2.36484
+0.0132,+2.52369
+0.0137,+1.66652
+0.0141,+1.70838
+0.0144,+1.78891
+0.0148,+1.83792
+0.0152,+1.77347
+0.0157,+1.74242
+0.0161,+1.82015
+0.0164,+2.02817
+0.0168,+2.38561
+0.0172,+1.2324
+0.0177,+2.09628
+0.018,+2.11328
+0.0184,+2.13846
+0.0188,+2.09857
+0.0192,+2.02675
+0.0197,+1.78299
+0.02,+1.80931
+0.0204,+1.66018
+0.0208,+1.31838
+0.0212,+2.28081
+0.0217,+0.975186
+0.0221,+0.852602
+0.0224,+0.787082
+0.0228,+0.677403
+0.0232,+0.858135
+0.0237,+1.06206
+0.0241,+0.851969
+0.0244,+1.17466
+0.0248,+1.19443
+0.0252,+1.30214
+0.0257,+1.36371
+0.026,+1.4829
+0.0264,+0.24471
+0.0268,+0.473565
+0.0272,+0.547023
+0.0277,+0.26002
+0.0281,+0.184351
+0.0284,+0.116507
+0.0288,-0.938204
+0.0292,-1.06643
+0.0297,+0.0107663
+0.0301,-0.0986128
+0.0304,+1.21273
+0.0308,+1.03159
+0.0312,+0.942601
+0.0317,+1.05899
+0.032,+1.13941
+0.0324,+0.889796
+0.0328,+2.06356
+0.0332,+2.10822
+0.0337,+2.05808
+0.0341,+2.06496
+0.0344,+1.95803
+0.0348,+2.04846
+0.0352,+1.83748
+0.0357,+1.79346
+0.0361,+0.6725
+0.0364,-0.398619
+0.0368,-0.595502
+0.0372,-0.751086
+0.0377,-0.597891
+0.0381,-0.74606
+0.0384,-0.842036
+0.0388,-0.855013
+0.0392,-0.797969
+0.0397,-1.90785
+0.0401,-0.927413
+0.0404,+0.218721
+0.0408,+0.407947
+0.0412,+0.550598
+0.0417,-0.704866
+0.0421,-0.470436
+0.0424,-0.366609
+0.0428,-0.364383
+0.0432,-1.4155
+0.0437,-0.215396
+0.0441,-0.207184
+0.0444,-0.100613
+0.0448,-0.283954
+0.0452,-0.537177
+0.0457,+0.361955
+0.0461,+0.286137
+0.0464,+0.0123039
+0.0468,-0.158119
+0.0472,+0.768178
+0.0477,+0.689454
+0.0481,+0.707229
+0.0484,-0.584526
+0.0488,-0.527249
+0.0492,-0.48333
+0.0497,-0.45495
+0.0501,-0.609957
+0.0504,-0.478781
+0.0508,-0.512227
+0.0512,-0.529025
+0.0517,-0.711592
+0.0521,-0.785651
+0.0524,+0.443531
+0.0528,+0.422128
+0.0532,-0.681305
+0.0537,-0.628202
+0.0541,-1.5294
+0.0544,-1.75549
+0.0548,-1.71577
+0.0552,-2.8436
+0.0557,-3.94381
+0.0561,-3.99244
+0.0564,-5.29053
+0.0568,-5.39698
+0.0572,-5.37954
+0.0577,-5.46615
+0.0581,-4.5459
+0.0584,-5.67026
+0.0588,-6.9513
+0.0592,-7.16146
+0.0598,-7.16372
+0.0601,-6.97597
+0.0605,-6.93479
+0.0608,-7.95939
+0.0612,-7.93967
+0.0617,-9.02697
+0.0621,-9.07115
+0.0624,-7.92503
+0.0628,-6.71285
+0.0632,-5.42083
+0.0637,-5.33657
+0.0641,-5.52297
+0.0644,-4.48788
+0.0648,-4.55999
+0.0652,-3.44813
+0.0657,-3.49989
+0.0661,-3.54691
+0.0664,-3.45342
+0.0668,-3.59787
+0.0672,-3.3249
+0.0677,-3.34362
+0.0681,-3.11909
+0.0684,-4.23668
+0.0688,-3.09028
+0.0692,-3.14435
+0.0697,-1.92639
+0.0701,-3.10138
+0.0704,-3.2082
+0.0708,-3.17084
+0.0712,-4.61601
+0.0717,-3.72773
+0.0721,-5.33365
+0.0724,-4.29492
+0.0728,-4.51117
+0.0732,-4.61812
+0.0737,-5.95006
+0.0741,-4.9581
+0.0744,-6.06151
+0.0748,-5.99078
+0.0752,-6.0336
+0.0757,-6.09204
+0.0761,-5.94248
+0.0764,-5.91871
+0.0768,-5.9038
+0.0772,-6.0376
+0.0776,-5.95928
+0.0782,-7.1134
+0.0786,-5.96911
+0.0788,-6.07421
+0.0792,-6.22927
+0.0796,-7.22133
+0.0801,-7.07284
+0.0804,-8.3446
+0.0808,-9.40574
+0.0812,-10.462
+0.0817,-9.41364
+0.0821,-9.39149
+0.0824,-9.55939
+0.0828,-10.6778
+0.0832,-10.6504
+0.0837,-9.60682
+0.0841,-9.92547
+0.0844,-9.87551
+0.0848,-8.87819
+0.0852,-8.77253
+0.0857,-10.2193
+0.0861,-10.0419
+0.0864,-11.1688
+0.0868,-10.0034
+0.0872,-9.90385
+0.0876,-11.0238
+0.0881,-9.70054
+0.0884,-8.63629
+0.0888,-8.63451
+0.0892,-8.70187
+0.0897,-8.42703
+0.0901,-8.50043
+0.0904,-8.55531
+0.0908,-9.68313
+0.0912,-9.92268
+0.0917,-9.9421
+0.0921,-11.26
+0.0924,-11.2615
+0.0928,-12.345
+0.0932,-11.3454
+0.0936,-10.2359
+0.0941,-10.3656
+0.0944,-9.74139
+0.0948,-9.77126
+0.0952,-8.54474
+0.0957,-8.66068
+0.0961,-8.61337
+0.0964,-9.7463
+0.0968,-8.77507
+0.0972,-9.9905
+0.0976,-11.1178
+0.0981,-11.0667
+0.0984,-11.6683
+0.0988,-11.6966
+0.0992,-12.6579
+0.0997,-12.5176
+0.1001,-12.6574
+0.1004,-11.5769
+0.1008,-12.6173
+0.1012,-11.4679
+0.1017,-11.539
+0.1021,-10.4911
+0.1024,-10.655
+0.1028,-9.61187
+0.1032,-9.65368
+0.1037,-8.66685
+0.1049,-8.64093
+0.1052,-8.74575
+0.1054,-7.69855
+0.1056,-8.86741
+0.1061,-8.79088
+0.1066,-8.77912
+0.1068,-8.71612
+0.1072,-9.59397
+0.1076,-9.70076
+0.1081,-10.8225
+0.1084,-11.0153
+0.1089,-12.1698
+0.1093,-13.4885
+0.1096,-13.6906
+0.1101,-13.8791
+0.1104,-14.9621
+0.1108,-14.9081
+0.1112,-14.7507
+0.1116,-14.8492
+0.1121,-14.9238
+0.1124,-13.6633
+0.1128,-13.6899
+0.1132,-13.6692
+0.1137,-13.3653
+0.1141,-13.3382
+0.1144,-13.3339
+0.1148,-13.3932
+0.1152,-13.9827
+0.1156,-14.1176
+0.1161,-14.083
+0.1166,-15.0978
+0.1168,-15.1353
+0.1172,-15.0175
+0.1175,-15.3855
+0.1181,-15.5577
+0.1184,-15.6592
+0.1188,-15.8202
+0.1192,-15.7959
+0.1197,-15.7341
+0.1201,-15.9353
+0.1204,-16.2568
+0.1208,-16.3315
+0.1212,-16.6035
+0.1216,-16.3924
+0.1221,-16.3257
+0.1224,-16.4492
+0.1228,-16.3231
+0.1232,-16.3037
+0.1237,-16.4045
+0.1241,-16.3231
+0.1244,-16.2544
+0.1248,-16.2041
+0.1252,-16.2029
+0.1256,-16.1998
+0.126,-16.1087
+0.1266,-16.0796
+0.1268,-16.2368
+0.1272,-16.3569
+0.1275,-16.3075
+0.1281,-16.5001
+0.1284,-16.4931
+0.1289,-16.3478
+0.1292,-16.2591
+0.1295,-16.2581
+0.1301,-16.532
+0.1304,-16.5853
+0.1308,-16.2402
+0.1312,-16.2449
+0.1315,-16.2334
+0.1321,-16.0826
+0.1324,-16.1191
+0.1328,-16.2785
+0.1332,-16.2962
+0.1336,-16.3186
+0.1341,-16.2534
+0.1344,-16.2636
+0.1348,-16.6073
+0.1352,-16.5463
+0.1356,-16.4927
+0.136,-16.4914
+0.1364,-16.4706
+0.1368,-16.4132
+0.1372,-16.3302
+0.1376,-16.4052
+0.1381,-16.5365
+0.1384,-16.6588
+0.1388,-16.619
+0.1392,-16.7595
+0.1397,-16.9617
+0.1401,-17.0138
+0.1404,-17.0094
+0.1408,-17.0596
+0.1412,-17.0716
+0.1416,-17.0454
+0.1421,-16.9765
+0.1424,-16.9037
+0.1428,-17.096
+0.1432,-16.9116
+0.1436,-16.9063
+0.1441,-17.0199
+0.1444,-17.087
+0.1448,-17.2508
+0.1452,-17.3312
+0.1456,-17.4406
+0.1461,-17.3141
+0.1464,-17.3222
+0.1468,-17.2013
+0.1472,-17.495
+0.1476,-17.4053
+0.1481,-17.3312
+0.1484,-17.2886
+0.1488,-17.1258
+0.1492,-17.2114
+0.1497,-17.278
+0.1501,-17.4495
+0.1504,-17.4652
+0.1508,-17.5676
+0.1512,-17.3384
+0.1516,-17.3449
+0.1521,-17.352
+0.1524,-17.4345
+0.1528,-17.4996
+0.1532,-17.6663
+0.1536,-17.7847
+0.1541,-17.7459
+0.1544,-17.9167
+0.1548,-17.9943
+0.1552,-18.2089
+0.1556,-18.269
+0.1561,-18.3004
+0.1564,-18.445
+0.1568,-18.5083
+0.1572,-18.2948
+0.1576,-18.2878
+0.1581,-18.4026
+0.1584,-18.29
+0.1588,-18.1444
+0.1604,-18.0975
+0.1606,-18.1193
+0.1609,-18.1493
+0.161,-17.9237
+0.1612,-18.3943
+0.1616,-18.5498
+0.1621,-18.6846
+0.1624,-18.6119
+0.1628,-18.5735
+0.1632,-18.698
+0.1636,-19.2354
+0.1641,-19.4481
+0.1644,-19.4793
+0.1648,-20.1148
+0.1652,-19.67
+0.1656,-19.5431
+0.166,-19.7904
+0.1667,-19.707
+0.1669,-19.8856
+0.1672,-20.4241
+0.1676,-19.8076
+0.1681,-20.2667
+0.1684,-20.191
+0.1688,-19.7619
+0.1692,-19.9199
+0.1696,-19.9031
+0.1701,-19.6644
+0.1705,-19.8302
+0.1709,-19.2904
+0.1712,-19.1936
+0.1716,-19.7382
+0.1721,-19.2541
+0.1724,-19.5231
+0.1728,-19.4842
+0.1732,-19.425
+0.1736,-19.5512
+0.1741,-19.4657
+0.1744,-19.8069
+0.1748,-20.2741
+0.1752,-19.8636
+0.1755,-19.3714
+0.1761,-19.4581
+0.1764,-19.3482
+0.1768,-19.3969
+0.1772,-19.441
+0.1776,-19.4101
+0.1781,-19.8057
+0.1784,-19.4115
+0.1788,-19.9515
+0.1792,-20.4417
+0.1796,-21.0975
+0.1801,-20.7533
+0.1804,-20.8056
+0.1808,-20.8052
+0.1812,-20.7597
+0.1816,-21.2575
+0.1821,-20.6815
+0.1824,-20.7167
+0.1828,-20.6828
+0.1832,-20.6745
+0.1836,-20.6851
+0.1841,-21.4165
+0.1844,-21.8889
+0.1848,-22.3604
+0.1852,-22.8352
+0.1856,-22.9308
+0.1861,-23.513
+0.1864,-24.0275
+0.1868,-24.2332
+0.1872,-23.7059
+0.1876,-23.7705
+0.1881,-22.7636
+0.1884,-22.1539
+0.1888,-21.6458
+0.1892,-21.6032
+0.1896,-21.0217
+0.1901,-21.0172
+0.1904,-20.4722
+0.1908,-20.3067
+0.1912,-20.6916
+0.1916,-20.009
+0.1921,-20.9162
+0.1924,-21.1027
+0.1928,-21.5694
+0.1932,-21.682
+0.1936,-22.3129
+0.1941,-21.8821
+0.1944,-22.3285
+0.1948,-22.2637
+0.1952,-22.3855
+0.1956,-22.9423
+0.1961,-23.0428
+0.1964,-23.3703
+0.1968,-23.4842
+0.1972,-23.3054
+0.1976,-23.3038
+0.1981,-23.8022
+0.1984,-23.8123
+0.1988,-24.5086
+0.1992,-24.5692
+0.1996,-24.5181
+0.2001,-24.4687
+0.2004,-24.4679
+0.2008,-23.8849
+0.2012,-40.5871
+0.2016,-40.4947
+0.2021,-40.4257
+0.2024,-40.5386
+0.2028,-41.1508
+0.2032,-41.2606
+0.2036,-41.1305
+0.2041,-40.9161
+0.2044,-40.7842
+0.2048,-40.2145
+0.2052,-40.1296
+0.2056,-40.6821
+0.2061,-40.7106
+0.2064,-40.5858
+0.2073,-40.7049
+0.2075,-40.8414
+0.2077,-41.019
+0.2081,-41.1952
+0.2084,-41.2091
+0.2088,-41.4056
+0.2092,-40.9467
+0.2096,-40.554
+0.2101,-40.5562
+0.2104,-40.3584
+0.2108,-40.1566
+0.2112,-39.9385
+0.2116,-39.7376
+0.2121,-39.492
+0.2124,-39.465
+0.2128,-39.5165
+0.2132,-39.6711
+0.2136,-40.023
+0.2141,-40.0009
+0.2144,-40.5333
+0.2148,-40.7096
+0.2152,-40.7681
+0.2156,-40.8665
+0.2161,-41.3778
+0.2164,-41.3453
+0.2168,-41.7195
+0.2172,-41.4373
+0.2176,-40.809
+0.2181,-40.9478
+0.2184,-40.4013
+0.2188,-40.6104
+0.2192,-40.3739
+0.2196,-40.1882
+0.2201,-39.6474
+0.2204,-39.7856
+0.2208,-39.2217
+0.2213,-39.285
+0.2216,-39.4191
+0.2221,-39.6345
+0.2224,-39.7446
+0.2228,-39.5174
+0.2232,-39.6957
+0.2236,-39.7704
+0.2241,-39.8529
+0.2244,-39.9201
+0.2248,-39.8925
+0.2252,-40.2522
+0.2256,-40.086
+0.2261,-39.6248
+0.2266,-39.5292
+0.2268,-39.3017
+0.2272,-38.9559
+0.2276,-38.9147
+0.2281,-38.8342
+0.2284,-38.6006
+0.2288,-38.5694
+0.2292,-38.1555
+0.2296,-38.0625
+0.2301,-37.9312
+0.2304,-37.8979
+0.2308,-37.9024
+0.2312,-38.1266
+0.2316,-37.9117
+0.2321,-37.7462
+0.2324,-37.5739
+0.2328,-38.0334
+0.2332,-37.743
+0.2336,-37.7903
+0.2341,-37.9754
+0.2344,-37.8218
+0.2348,-37.7847
+0.2352,-37.6433
+0.2356,-37.6176
+0.2361,-37.6791
+0.2364,-37.6926
+0.2368,-37.3149
+0.2372,-37.4775
+0.2376,-37.2921
+0.2381,-36.981
+0.2384,-36.7732
+0.2388,-36.8427
+0.2392,-36.7584
+0.2396,-37.5702
+0.2401,-37.5456
+0.2404,-37.4864
+0.2408,-37.1473
+0.2412,-37.8265
+0.2416,-37.1853
+0.2421,-38.0587
+0.2424,-38.2798
+0.2428,-37.9191
+0.2432,-37.8207
+0.2436,-37.0047
+0.2441,-36.8918
+0.2444,-36.7213
+0.2448,-36.7689
+0.2452,-35.942
+0.2456,-36.573
+0.2461,-36.0434
+0.2464,-35.7282
+0.2468,-35.6971
+0.2472,-36.2054
+0.2476,-36.0446
+0.2481,-36.0577
+0.2484,-35.9568
+0.2488,-35.9183
+0.2492,-35.9428
+0.2496,-36.3463
+0.2501,-35.7366
+0.2504,-36.1377
+0.2508,-35.9259
+0.2512,-34.7855
+0.2517,-34.7537
+0.2521,-35.258
+0.2524,-36.0026
+0.2528,-36.3018
+0.2532,-36.7823
+0.2536,-35.9964
+0.2541,-36.1039
+0.2544,-36.1893
+0.2548,-36.5198
+0.2552,-37.233
+0.2556,-37.7555
+0.2561,-37.362
+0.2564,-37.1218
+0.2577,-36.7709
+0.2579,-36.0161
+0.2581,-36.1226
+0.2584,-35.9775
+0.2588,-35.7785
+0.2592,-35.9516
+0.2596,-35.7032
+0.2601,-34.9907
+0.2604,-34.8227
+0.2608,-34.0398
+0.2612,-34.1789
+0.2616,-34.4741
+0.2621,-34.4601
+0.2624,-34.4548
+0.2628,-33.9128
+0.2632,-33.9339
+0.2636,-33.6914
+0.2641,-33.9027
+0.2644,-33.8398
+0.2648,-33.7891
+0.2652,-33.2136
+0.2656,-32.9483
+0.2661,-33.0363
+0.2664,-33.4159
+0.2668,-34.0778
+0.2672,-33.7066
+0.2676,-34.1931
+0.2681,-34.6593
+0.2684,-34.583
+0.2688,-34.3756
+0.2692,-34.5891
+0.2696,-34.1421
+0.2701,-33.7491
+0.2704,-33.0021
+0.2708,-32.1613
+0.2712,-32.4261
+0.2716,-32.1509
+0.2721,-31.4166
+0.2724,-31.0614
+0.2728,-31.6059
+0.2732,-31.1461
+0.2736,-31.2216
+0.2741,-30.9745
+0.2744,-31.0486
+0.2748,-31.6371
+0.2752,-31.0372
+0.2756,-30.8474
+0.2761,-31.1971
+0.2764,-30.7524
+0.2768,-30.0221
+0.2772,-30.5509
+0.2777,-30.1386
+0.2781,-30.2459
+0.2784,-29.9166
+0.2788,-28.7925
+0.2792,-28.5621
+0.2796,-28.2604
+0.2801,-27.3489
+0.2804,-27.6159
+0.2808,-28.0641
+0.2812,-27.3721
+0.2816,-27.0485
+0.2821,-26.7043
+0.2824,-27.1774
+0.2828,-27.3778
+0.2832,-27.2911
+0.2836,-27.1761
+0.2841,-27.1111
+0.2844,-26.99
+0.2848,-26.4251
+0.2852,-26.1862
+0.2856,-26.0157
+0.2861,-26.0067
+0.2864,-25.0037
+0.2868,-24.9093
+0.2872,-24.4987
+0.2876,-24.1231
+0.2881,-23.8374
+0.2884,-23.467
+0.2888,-23.016
+0.2892,-22.7463
+0.2896,-22.922
+0.2901,-22.7116
+0.2904,-22.7239
+0.2908,-22.1987
+0.2912,-21.6162
+0.2916,-21.3806
+0.2921,-21.2477
+0.2924,-21.1804
+0.2928,-20.9448
+0.2932,-20.6467
+0.2936,-20.317
+0.2941,-19.7684
+0.2944,-19.6029
+0.2948,-19.0313
+0.2952,-19.0591
+0.2956,-18.6616
+0.2961,-18.2375
+0.2964,-17.626
+0.2968,-17.3986
+0.2972,-17.2191
+0.2976,-16.9081
+0.2981,-16.7919
+0.2984,-16.1758
+0.2988,-16.0594
+0.2992,-15.4648
+0.2996,-15.1038
+0.3001,-14.6183
+0.3004,-14.0737
+0.3008,-13.6961
+0.3012,-13.3971
+0.3016,-12.7831
+0.3021,-12.3983
+0.3024,-12.1921
+0.3028,-12.0172
+0.3032,-11.9661
+0.3036,-11.6548
+0.3041,-11.2508
+0.3045,-10.901
+0.3048,-10.4163
+0.3052,-10.0441
+0.3056,-9.8219
+0.3061,-9.37396
+0.3064,-9.01921
+0.3068,-8.58877
+0.3072,-8.1317
+0.3076,-7.75192
+0.3081,-7.47791
+0.3084,-7.13391
+0.3088,-6.73046
+0.3097,-5.89975
+0.31,-5.36889
+0.3103,-5.00219
+0.3105,-4.50498
+0.3108,-4.07213
+0.3112,-3.63252
+0.3116,-3.01363
+0.3121,-2.60555
+0.3124,-2.08179
+0.3128,-1.62655
+0.3132,-1.22792
+0.3136,-0.851328
+0.3141,-0.1937
+0.3144,+0.352775
+0.3148,+0.847216
+0.3152,+1.49441
+0.3156,+1.87323
+0.3161,+2.59437
+0.3164,+3.15125
+0.3168,+3.61536
+0.3172,+3.81656
+0.3176,+4.2512
+0.3181,+4.75161
+0.3184,+5.34348
+0.3188,+5.96242
+0.3192,+6.4596
+0.3196,+7.01692
+0.3201,+7.35827
+0.3204,+7.96208
+0.3208,+8.4139
+0.3212,+9.10564
+0.3216,+9.57106
+0.3221,+10.0239
+0.3224,+10.4804
+0.3228,+11.3568
+0.3232,+11.798
+0.3236,+12.4734
+0.3241,+13.1529
+0.3244,+13.6281
+0.3248,+14.2788
+0.3252,+14.8311
+0.3256,+15.5173
+0.3261,+16.0125
+0.3264,+16.4193
+0.3268,+16.5071
+0.3272,+16.9689
+0.3276,+17.2665
+0.3279,+17.597
+0.3284,+18.0704
+0.3288,+18.4982
+0.3292,+18.9443
+0.3296,+19.5088
+0.3299,+20.2227
+0.3304,+20.8221
+0.3308,+21.6098
+0.3312,+22.2075
+0.3316,+22.833
+0.3319,+23.443
+0.3324,+23.8872
+0.3328,+24.2879
+0.3332,+24.8979
+0.3336,+25.2959
+0.3339,+25.6269
+0.3344,+26.1239
+0.3348,+26.6361
+0.3352,+27.1334
+0.3356,+27.7962
+0.3359,+28.3421
+0.3367,+28.7378
+0.3369,+29.547
+0.3373,+30.1155
+0.3376,+30.6923
+0.3379,+31.4658
+0.3384,+32.087
+0.3388,+32.4495
+0.3392,+33.0021
+0.3396,+33.5041
+0.3401,+34.0981
+0.3404,+34.7778
+0.3408,+35.3765
+0.3412,+35.9325
+0.3416,+36.7033
+0.3419,+37.2243
+0.3424,+37.8382
+0.3428,+38.5506
+0.3432,+39.1998
+0.3436,+39.6239
+0.3441,+40.2639
+0.3444,+40.9364
+0.3448,+41.4713
+0.3452,+42.0578
+0.3456,+42.5102
+0.3459,+42.9991
+0.3464,+43.5469
+0.3468,+44.2369
+0.3472,+44.9091
+0.3476,+45.634
+0.3479,+46.0894
+0.3484,+46.7418
+0.3488,+47.2795
+0.3492,+47.7323
+0.3496,+48.3103
+0.3499,+48.912
+0.3504,+49.7955
+0.3508,+50.3495
+0.3512,+51.0147
+0.3516,+51.4781
+0.3521,+52.3254
+0.3524,+53.0937
+0.3528,+53.6954
+0.3532,+54.4037
+0.3536,+55.2892
+0.3541,+56.0761
+0.3544,+56.2727
+0.3548,+56.6435
+0.3552,+57.0695
+0.3556,+57.7993
+0.3559,+58.2158
+0.3564,+58.7745
+0.3568,+59.3714
+0.3572,+60.0713
+0.3576,+60.4021
+0.3579,+61.2286
+0.3584,+62.197
+0.3588,+62.9017
+0.3592,+63.9886
+0.3596,+65.308
+0.3599,+65.8842
+0.3604,+67.0453
+0.3608,+67.6399
+0.3612,+68.358
+0.3616,+69.4557
+0.3619,+69.7967
+0.3624,+70.0519
+0.3628,+70.4555
+0.3632,+70.4912
+0.3636,+70.0321
+0.3639,+70.717
+0.3644,+70.9987
+0.3648,+71.4047
+0.3652,+71.861
+0.3656,+71.7506
+0.3659,+72.0235
+0.3664,+72.5447
+0.3668,+72.8934
+0.3672,+73.5982
+0.3676,+74.2583
+0.3679,+74.4374
+0.3684,+74.5268
+0.3688,+75.0695
+0.3692,+75.353
+0.3696,+75.7668
+0.3699,+76.3858
+0.3704,+76.6635
+0.3708,+77.4812
+0.3712,+77.5383
+0.3716,+77.6749
+0.3719,+77.8412
+0.3724,+77.8001
+0.3728,+78.205
+0.3733,+78.586
+0.3736,+79.0158
+0.3739,+78.9443
+0.3744,+79.1342
+0.3748,+79.3133
+0.3752,+79.3775
+0.3756,+79.9646
+0.3761,+80.1996
+0.3764,+80.5475
+0.3768,+80.3675
+0.3772,+80.105
+0.3776,+80.1978
+0.3779,+80.0762
+0.3784,+80.1709
+0.3788,+79.7598
+0.3792,+80.1606
+0.3796,+79.9973
+0.3799,+79.9591
+0.3804,+79.714
+0.3808,+79.8752
+0.3812,+79.7854
+0.3816,+79.7985
+0.3819,+79.8214
+0.3824,+79.5555
+0.3828,+79.8299
+0.3832,+79.3953
+0.3836,+79.0237
+0.3841,+79.2586
+0.3844,+79.0094
+0.3848,+78.8227
+0.3852,+78.8349
+0.3855,+78.3725
+0.3856,+78.2837
+0.3859,+78.1449
+0.3864,+77.9705
+0.3868,+77.6306
+0.3872,+77.6748
+0.3876,+77.8302
+0.3879,+78.0734
+0.3885,+77.642
+0.3888,+77.5721
+0.3892,+77.0291
+0.3896,+76.7546
+0.3899,+76.5476
+0.3904,+75.9559
+0.3908,+76.0831
+0.3912,+75.9127
+0.3916,+74.9097
+0.3919,+74.2812
+0.3924,+74.4134
+0.3928,+73.8007
+0.3932,+73.7607
+0.3936,+73.6867
+0.3939,+73.5221
+0.3944,+73.3647
+0.3948,+73.016
+0.3952,+72.4146
+0.3956,+72.3782
+0.3959,+72.2056
+0.3964,+71.2459
+0.3968,+71.1657
+0.3972,+70.9356
+0.3976,+70.6558
+0.3979,+70.1416
+0.3984,+69.9173
+0.3988,+69.6697
+0.3992,+69.5602
+0.3996,+68.8453
+0.3999,+67.9052
+0.4004,+67.6648
+0.4008,+67.0421
+0.4012,+56.6359
+0.4016,+55.7184
+0.4019,+55.2077
+0.4024,+53.804
+0.4029,+52.8542
+0.4031,+51.4899
+0.4033,+50.894
+0.4037,+50.2573
+0.4041,+49.5135
+0.4044,+48.3217
+0.4048,+47.8486
+0.4052,+46.737
+0.4056,+45.7132
+0.4058,+45.0514
+0.406,+43.7217
+0.4064,+42.8108
+0.4068,+41.3566
+0.4072,+40.2332
+0.4076,+38.9635
+0.4079,+37.8744
+0.4084,+36.5991
+0.4088,+35.1011
+0.4092,+33.473
+0.4096,+32.0858
+0.4099,+30.573
+0.4105,+28.9253
+0.4108,+27.4994
+0.4112,+26.0725
+0.4121,+24.6065
+0.4123,+23.1421
+0.4126,+21.5915
+0.4128,+20.227
+0.4132,+18.8717
+0.4136,+17.3624
+0.4139,+16.3276
+0.4144,+15.0215
+0.4148,+13.5675
+0.4152,+12.0814
+0.4156,+10.3504
+0.4159,+8.69467
+0.4166,+6.82708
+0.4169,+5.44287
+0.4172,+4.01164
+0.4176,+2.43162
+0.4179,+0.509009
+0.4184,-0.761244
+0.4188,-2.29928
+0.4192,-4.12987
+0.4196,-5.44613
+0.4199,-7.06796
+0.4204,-8.49509
+0.4208,-9.9044
+0.4212,-11.8491
+0.4216,-13.4691
+0.4219,-14.5787
+0.4224,-16.3014
+0.4228,-17.6323
+0.423,-18.3348
+0.4232,-19.5193
+0.4236,-20.8182
+0.4239,-22.0533
+0.4244,-23.5707
+0.4248,-24.6723
+0.4252,-25.6627
+0.4256,-26.9084
+0.4259,-27.7083
+0.4264,-28.9094
+0.4268,-30.1843
+0.4272,-31.1861
+0.4276,-32.0615
+0.4279,-33.1657
+0.4284,-33.7642
+0.4288,-34.9084
+0.4293,-35.3766
+0.4296,-35.8752
+0.4301,-36.6018
+0.4304,-36.91
+0.4308,-38.0354
+0.4312,-38.3081
+0.4316,-39.2157
+0.4319,-39.189
+0.4324,-39.4947
+0.4328,-38.883
+0.4332,-39.0493
+0.4336,-39.6097
+0.4341,-40.1616
+0.4344,-40.4409
+0.4348,-39.7687
+0.4352,-40.0777
+0.4356,-39.0565
+0.4359,-39.8569
+0.4364,-40.2105
+0.4368,-40.397
+0.4372,-41.5101
+0.4377,-41.456
+0.438,-41.3366
+0.4384,-41.2279
+0.4388,-41.9929
+0.4392,-42.3379
+0.4396,-43.1183
+0.4399,-42.8436
+0.4404,-42.7793
+0.4408,-43.3067
+0.4412,-42.3365
+0.4416,-42.4653
+0.4419,-42.1906
+0.4424,-41.9647
+0.4428,-41.7965
+0.4432,-41.5546
+0.4436,-40.9462
+0.4439,-40.9448
+0.4446,-41.3395
+0.4448,-40.6029
+0.4452,-40.4316
+0.4456,-39.9021
+0.4459,-40.4432
+0.4464,-41.1186
+0.4468,-40.2788
+0.4472,-40.0275
+0.4476,-40.5349
+0.4479,-40.4808
+0.4484,-40.1365
+0.4488,-40.5503
+0.4492,-41.1813
+0.4496,-41.6001
+0.4499,-40.8529
+0.4504,-40.5985
+0.4508,-40.849
+0.4512,-40.7438
+0.4517,-39.98
+0.4521,-39.2794
+0.4524,-38.393
+0.4528,-38.2055
+0.4532,-37.0878
+0.4536,-36.961
+0.4539,-37.295
+0.4545,-36.2464
+0.4548,-36.0922
+0.4552,-35.6715
+0.4556,-35.0884
+0.4559,-34.4072
+0.4564,-34.9353
+0.4568,-33.9236
+0.4572,-33.6745
+0.4576,-32.5906
+0.4579,-32.086
+0.4584,-31.9672
+0.4588,-31.1138
+0.4592,-30.506
+0.4596,-30.2507
+0.4599,-29.8714
+0.4604,-28.8467
+0.4608,-28.6804
+0.4612,-28.8493
+0.4616,-28.5377
+0.4619,-27.5464
+0.4625,-27.0485
+0.4628,-26.4746
+0.4632,-26.2584
+0.4636,-25.9036
+0.4639,-25.3373
+0.4645,-24.6253
+0.4648,-24.4119
+0.4652,-23.4533
+0.4656,-22.8534
+0.466,-22.3862
+0.4664,-21.9165
+0.4668,-21.594
+0.4672,-21.0371
+0.4676,-20.4773
+0.4679,-20.1731
+0.4684,-19.6245
+0.4688,-18.7088
+0.4692,-18.0004
+0.4696,-17.5238
+0.47,-17.0641
+0.4705,-16.3392
+0.4708,-15.7435
+0.4712,-15.1279
+0.4716,-14.3873
+0.4719,-13.9325
+0.4724,-13.3799
+0.4728,-12.746
+0.4732,-12.2152
+0.4736,-11.7132
+0.4739,-11.2157
+0.4744,-10.5304
+0.475,-10.1151
+0.4752,-9.63895
+0.4756,-9.36503
+0.4759,-8.66278
+0.4765,-8.30305
+0.4768,-7.89324
+0.4772,-7.55195
+0.4776,-7.23432
+0.4779,-6.71275
+0.4784,-6.43843
+0.4788,-5.99501
+0.4792,-5.29035
+0.4796,-4.75945
+0.4799,-4.36871
+0.4805,-3.85852
+0.4808,-3.16028
+0.4812,-2.67298
+0.4816,-1.97623
+0.482,-1.54687
+0.4824,-1.12938
+0.4828,-0.576153
+0.4832,-0.276383
+0.4836,+0.244409
+0.4839,+0.816118
+0.4844,+1.10783
+0.4849,+1.40628
+0.4852,+2.01029
+0.4856,+2.44213
+0.486,+3.31661
+0.4865,+4.03776
+0.4869,+4.62215
+0.4872,+5.18894
+0.4876,+5.51748
+0.488,+5.8753
+0.4885,+6.54387
+0.4889,+7.14402
+0.4892,+7.28525
+0.4896,+7.81363
+0.49,+8.21345
+0.4905,+8.56514
+0.4909,+9.13759
+0.4912,+9.52164
+0.4916,+10.3482
+0.492,+10.9403
+0.4925,+11.3676
+0.4929,+11.784
+0.4932,+12.5485
+0.4936,+13.0552
+0.494,+13.5825
+0.4945,+14.1225
+0.4949,+14.6002
+0.4952,+15.3356
+0.4956,+15.8278
+0.496,+16.4061
+0.4965,+17.0942
+0.4969,+17.817
+0.4972,+18.4831
+0.4976,+19.1694
+0.498,+19.7885
+0.4985,+20.5041
+0.4989,+21.3857
+0.4992,+22.0438
+0.4996,+22.731
+0.5,+23.5207
+0.5005,+24.41
+0.5009,+25.2571
+0.5012,+26.217
+0.5016,+27.0032
+0.502,+27.9601
+0.5025,+28.8477
+0.5029,+29.4969
+0.5032,+30.3653
+0.5036,+31.2
+0.504,+31.9712
+0.5045,+32.5936
+0.5049,+33.3503
+0.5052,+33.8769
+0.5056,+34.6258
+0.506,+35.1466
+0.5065,+35.5219
+0.5068,+36.1807
+0.5072,+36.5945
+0.5076,+37.1413
+0.508,+37.5575
+0.5085,+38.1729
+0.5089,+38.5964
+0.5093,+39.2406
+0.5096,+39.731
+0.51,+40.2241
+0.5105,+40.8099
+0.5109,+41.1584
+0.5112,+41.7023
+0.5116,+42.1742
+0.512,+42.7959
+0.5125,+43.0818
+0.5129,+43.373
+0.5132,+43.6828
+0.5136,+44.0402
+0.5145,+44.4509
+0.5148,+44.7514
+0.515,+45.0009
+0.5152,+45.2377
+0.5156,+45.4775
+0.516,+45.5961
+0.5165,+45.5778
+0.5169,+45.7218
+0.5172,+45.4513
+0.5176,+45.4212
+0.518,+45.4404
+0.5185,+45.5787
+0.5188,+45.4974
+0.5192,+45.3902
+0.5196,+45.1557
+0.52,+45.0244
+0.5205,+45.2073
+0.5209,+45.4188
+0.5212,+45.7628
+0.5216,+45.664
+0.522,+45.6125
+0.5225,+45.4899
+0.5229,+45.5699
+0.5232,+45.6162
+0.5236,+45.7529
+0.524,+45.9028
+0.5245,+45.9149
+0.5248,+45.6418
+0.5254,+45.5145
+0.5256,+45.7105
+0.526,+45.6805
+0.5265,+45.701
+0.5269,+45.9019
+0.5272,+46.104
+0.5276,+46.2695
+0.528,+46.2548
+0.5285,+46.4382
+0.5289,+46.7975
+0.5292,+47.1532
+0.5296,+47.2699
+0.53,+47.6081
+0.5305,+47.928
+0.5308,+48.1535
+0.5312,+48.2953
+0.5316,+48.4985
+0.532,+48.8685
+0.5325,+49.1928
+0.5328,+49.3679
+0.5332,+49.7719
+0.5336,+50.1087
+0.534,+50.1417
+0.5345,+50.5495
+0.5349,+50.8223
+0.5352,+51.1431
+0.5356,+51.5289
+0.536,+51.9907
+0.5365,+52.3168
+0.5369,+52.6487
+0.5372,+52.7481
+0.5376,+53.3212
+0.538,+53.892
+0.5385,+54.0163
+0.5389,+54.4125
+0.5393,+54.9212
+0.5395,+55.4228
+0.5397,+55.7086
+0.54,+56.2272
+0.5405,+56.7147
+0.5408,+57.4506
+0.5412,+57.7004
+0.5416,+58.3159
+0.542,+58.9925
+0.5425,+59.5734
+0.5428,+60.3856
+0.5432,+60.8544
+0.5436,+61.5638
+0.544,+62.0971
+0.5444,+62.606
+0.5448,+63.2128
+0.5452,+64.1665
+0.5456,+64.9212
+0.5459,+65.4215
+0.5465,+66.0943
+0.5468,+66.5036
+0.5472,+67.3423
+0.5476,+67.7886
+0.5479,+68.4914
+0.5485,+69.5687
+0.5488,+70.7355
+0.5492,+71.3027
+0.5496,+72.0598
+0.55,+73.052
+0.5505,+73.7804
+0.5508,+74.4775
+0.5512,+74.902
+0.5516,+76.1483
+0.552,+77.3401
+0.5524,+78.1281
+0.5528,+78.5969
+0.5532,+79.2672
+0.5536,+79.3428
+0.5539,+80.1247
+0.5545,+80.9581
+0.5548,+81.77
+0.5552,+82.6988
+0.5557,+83.0076
+0.556,+83.2109
+0.5565,+83.4346
+0.5568,+83.7269
+0.5572,+84.2176
+0.5576,+85.5814
+0.558,+85.6204
+0.5585,+85.6868
+0.5588,+85.8514
+0.5592,+85.758
+0.5596,+85.7329
+0.56,+85.6948
+0.5603,+85.7869
+0.5608,+85.4657
+0.5612,+85.277
+0.5616,+83.8994
+0.562,+84.4769
+0.5625,+83.5506
+0.5628,+82.4703
+0.5632,+82.8039
+0.5636,+81.732
+0.564,+80.6005
+0.5645,+79.4099
+0.5648,+78.3545
+0.5652,+76.994
+0.5656,+76.3223
+0.566,+74.3759
+0.5664,+73.64
+0.5668,+72.8946
+0.5672,+70.9643
+0.5676,+70.2818
+0.568,+69.3547
+0.5685,+68.8555
+0.5688,+67.9145
+0.5692,+67.1138
+0.5696,+66.5268
+0.57,+65.6919
+0.5705,+64.9411
+0.5708,+64.1144
+0.5712,+63.2619
+0.5716,+62.8409
+0.572,+62.0926
+0.5725,+60.9941
+0.5728,+60.5186
+0.5732,+60.4
+0.5736,+59.5323
+0.574,+58.8737
+0.5745,+58.7267
+0.5748,+58.7929
+0.5752,+58.8488
+0.5756,+57.7928
+0.5759,+57.458
+0.5765,+56.5739
+0.5768,+55.592
+0.5772,+54.4892
+0.5776,+54.0918
+0.578,+53.4123
+0.5785,+52.4309
+0.5788,+51.1391
+0.5792,+49.6437
+0.5796,+49.3638
+0.58,+48.9808
+0.5805,+48.9155
+0.5808,+48.8623
+0.5812,+48.5223
+0.5816,+47.9991
+0.582,+47.793
+0.5825,+47.3119
+0.5828,+47.179
+0.5832,+47.0701
+0.5836,+46.5425
+0.584,+46.2823
+0.5845,+45.9205
+0.5848,+45.8452
+0.5852,+45.8464
+0.5856,+45.5528
+0.5861,+45.243
+0.5865,+45.0648
+0.5868,+44.9138
+0.5872,+44.9576
+0.5876,+44.7802
+0.588,+44.6316
+0.5885,+44.699
+0.5888,+44.4148
+0.5892,+44.307
+0.5896,+44.4758
+0.59,+44.5942
+0.5904,+44.7585
+0.5908,+44.7646
+0.5912,+44.6315
+0.5916,+44.8209
+0.592,+45.0819
+0.5925,+45.0907
+0.5928,+45.1388
+0.5932,+45.1862
+0.5936,+45.075
+0.594,+45.195
+0.5945,+45.3276
+0.5948,+45.4376
+0.5952,+45.7919
+0.5956,+46.168
+0.596,+46.1788
+0.5965,+46.5045
+0.5968,+46.8397
+0.5972,+47.0834
+0.5976,+47.4853
+0.598,+47.8308
+0.5985,+48.2609
+0.5988,+48.804
+0.5992,+49.1864
+0.5996,-64.3664
+0.6,-64.6996
+0.6005,-65.2282
+0.6008,-65.8227
+0.6012,-66.5294
+0.6016,-66.8109
+0.602,-67.526
+0.6025,-68.2516
+0.6028,-68.9324
+0.6032,-69.7119
+0.6036,-70.3724
+0.604,-71.3917
+0.6043,-72.2402
+0.6048,-73.2703
+0.6052,-73.5033
+0.6056,-74.8512
+0.606,-75.618
+0.6065,-76.4813
+0.6068,-77.3426
+0.6072,-77.6626
+0.6076,-78.5338
+0.608,-79.4021
+0.6084,-80.2494
+0.6088,-80.8596
+0.6092,-82.4725
+0.6096,-83.2889
+0.61,-84.3672
+0.6103,-85.3458
+0.6108,-86.3076
+0.6112,-88.1599
+0.6116,-89.2122
+0.612,-90.3053
+0.6125,-91.5123
+0.6128,-92.7522
+0.6132,-93.7838
+0.6136,-95.0612
+0.614,-95.4645
+0.6143,-96.4481
+0.6148,-96.7475
+0.6152,-96.9473
+0.6156,-97.2113
+0.616,-97.3038
+0.6169,-97.437
+0.6172,-97.7229
+0.6174,-97.802
+0.6176,-96.8002
+0.618,-97.438
+0.6183,-97.333
+0.6188,-97.2036
+0.6192,-96.7099
+0.6196,-96.5134
+0.62,-96.954
+0.6203,-96.339
+0.6208,-96.4728
+0.6212,-96.7678
+0.6216,-97.6524
+0.622,-96.7664
+0.6223,-95.8336
+0.6228,-95.4307
+0.6232,-95.0234
+0.6236,-94.2097
+0.624,-92.8678
+0.6243,-92.1657
+0.6248,-90.5308
+0.6252,-89.0463
+0.6256,-87.7385
+0.626,-87.0789
+0.6265,-86.5294
+0.6268,-85.1647
+0.6272,-83.8586
+0.6276,-82.9756
+0.6279,-81.95
+0.6283,-80.8772
+0.6288,-79.18
+0.6292,-77.3463
+0.6296,-75.247
+0.63,-73.0864
+0.6303,-70.8054
+0.6308,-69.3091
+0.6312,-67.537
+0.6316,-65.7859
+0.632,-63.3833
+0.6323,-61.2228
+0.6328,-59.613
+0.6332,-57.4823
+0.6336,-55.7413
+0.634,-54.1075
+0.6343,-52.2846
+0.6348,-50.6905
+0.6352,-49.2997
+0.6356,-47.5699
+0.636,-45.9308
+0.6365,-44.4386
+0.6368,-42.7739
+0.6372,-41.2765
+0.6376,-39.6924
+0.638,-37.9961
+0.6383,-36.4204
+0.6388,-34.7653
+0.6392,-32.9618
+0.6396,-31.1862
+0.64,-29.7152
+0.6403,-28.0257
+0.6408,-26.4098
+0.6412,-24.8641
+0.6416,-23.3723
+0.642,-21.9162
+0.6423,-20.6956
+0.6428,-19.2009
+0.6432,-17.9069
+0.6436,-16.4482
+0.644,-15.309
+0.6445,-14.2711
+0.645,-13.2517
+0.6455,-12.4228
+0.6457,-11.5712
+0.6462,-10.8866
+0.6467,-10.0753
+0.6469,-9.73532
+0.6472,-9.271
+0.6476,-9.04435
+0.648,-8.7454
+0.6483,-8.40306
+0.6488,-8.30266
+0.6492,-8.4293
+0.6496,-8.48207
+0.65,-8.61958
+0.6503,-8.87427
+0.6508,-8.95366
+0.6512,-9.27114
+0.6516,-9.57609
+0.652,-9.9235
+0.6523,-10.374
+0.6528,-10.8358
+0.6532,-11.0927
+0.6536,-11.5018
+0.654,-11.8295
+0.6543,-11.9761
+0.6548,-12.4843
+0.6552,-12.7764
+0.6556,-13.0715
+0.656,-13.3218
+0.6563,-13.4685
+0.6568,-13.7134
+0.6572,-13.7488
+0.6576,-13.8458
+0.6579,-13.8038
+0.6583,-14.0668
+0.6588,-13.9977
+0.6592,-14.0146
+0.6596,-14.1713
+0.66,-14.1246
+0.6603,-14.1594
+0.6608,-14.2056
+0.6612,-14.5375
+0.6616,-14.6239
+0.662,-14.975
+0.6623,-15.1395
+0.6628,-15.3247
+0.6632,-15.3557
+0.6636,-15.5683
+0.664,-15.9596
+0.6643,-16.3879
+0.6648,-16.5875
+0.6652,-16.4918
+0.6656,-16.7041
+0.666,-16.7413
+0.6665,-16.8436
+0.6668,-16.8998
+0.6672,-17.1496
+0.6676,-17.0349
+0.668,-16.8978
+0.6683,-16.7937
+0.6688,-16.7431
+0.6692,-16.874
+0.6696,-17.0145
+0.67,-17.3189
+0.6703,-17.4743
+0.6708,-17.6229
+0.6712,-17.8182
+0.6716,-18.2245
+0.672,-18.6711
+0.6723,-19.1173
+0.6728,-19.6383
+0.6732,-20.0326
+0.6736,-20.4724
+0.674,-20.9312
+0.6743,-21.3595
+0.6748,-21.8938
+0.6752,-22.5792
+0.6756,-23.1294
+0.676,-23.7015
+0.6763,-24.2159
+0.6768,-24.7225
+0.6772,-25.4585
+0.6777,-26.0581
+0.678,-26.3733
+0.6783,-27.1002
+0.6788,-27.7209
+0.6792,-28.3378
+0.6796,-28.7852
+0.68,-29.4852
+0.6803,-30.1779
+0.6808,-30.7326
+0.6812,-31.1387
+0.6816,-31.8032
+0.682,-32.5874
+0.6823,-33.1306
+0.6828,-33.6664
+0.6832,-34.1263
+0.6836,-34.7752
+0.684,-35.1728
+0.6843,-35.6554
+0.6848,-36.1442
+0.6852,-36.5175
+0.6856,-36.7136
+0.686,-36.9439
+0.6863,-36.9337
+0.6868,-37.0873
+0.6872,-37.0389
+0.6876,-36.7832
+0.688,-36.4912
+0.6883,-35.9803
+0.6888,-35.5668
+0.6892,-35.2385
+0.6896,-34.78
+0.69,-34.3659
+0.6903,-33.9771
+0.6908,-33.3631
+0.6912,-32.7888
+0.6916,-32.2055
+0.692,-31.6128
+0.6923,-31.0005
+0.6928,-30.3054
+0.6932,-29.5066
+0.6936,-28.386
+0.694,-27.1708
+0.6943,-26.0084
+0.6948,-24.6353
+0.6952,-23.224
+0.6956,-21.7702
+0.696,-20.0232
+0.6963,-18.365
+0.6968,-16.5118
+0.6972,-14.6298
+0.6976,-12.8199
+0.698,-10.8672
+0.6983,-8.91375
+0.6988,-7.08364
+0.6992,-5.17631
+0.6996,-3.43387
+0.7,-1.55958
+0.7003,+0.261302
+0.7008,+1.92877
+0.7012,+3.74997
+0.7016,+5.27549
+0.702,+6.79721
+0.7023,+8.35434
+0.7028,+9.81198
+0.7032,+11.228
+0.7036,+12.6175
+0.704,+13.8435
+0.7043,+15.103
+0.7048,+16.4174
+0.7052,+17.4843
+0.7056,+18.4529
+0.706,+19.2983
+0.7063,+20.1016
+0.7068,+21.118
+0.7072,+21.6994
+0.7076,+22.2992
+0.7081,+22.6448
+0.7085,+23.0132
+0.7088,+23.2506
+0.7092,+23.4139
+0.7096,+23.5116
+0.71,+23.6899
+0.7103,+23.6921
+0.7108,+23.4752
+0.7112,+23.497
+0.7116,+23.3663
+0.712,+22.7898
+0.7123,+22.0677
+0.7128,+21.8712
+0.7132,+21.2127
+0.7136,+20.7399
+0.714,+20.2984
+0.7143,+19.6958
+0.7148,+19.154
+0.7152,+19.1473
+0.7156,+19.2728
+0.716,+19.2554
+0.7163,+19.9223
+0.7168,+19.9903
+0.7172,+19.8481
+0.7176,+19.7243
+0.718,+19.9565
+0.7183,+20.3402
+0.7193,+20.5087
+0.7196,+20.1755
+0.7198,+19.2871
+0.7201,+18.902
+0.7203,+18.3495
+0.7208,+17.2383
+0.7212,+16.8446
+0.7216,+15.7165
+0.722,+14.5047
+0.7223,+13.5681
+0.7228,+12.1779
+0.7232,+10.5538
+0.7236,+9.57051
+0.724,+8.35854
+0.7243,+6.42312
+0.7248,+5.05238
+0.7252,+3.27748
+0.7256,+2.03742
+0.726,+0.306135
+0.7263,-1.88876
+0.7268,-3.6245
+0.7272,-5.45475
+0.7276,-7.58534
+0.7281,-9.62496
+0.7283,-11.4527
+0.7288,-13.4512
+0.7292,-15.2379
+0.7296,-17.0989
+0.73,-18.9464
+0.7303,-20.7455
+0.7308,-22.4497
+0.7312,-24.1666
+0.7316,-25.8289
+0.732,-27.4051
+0.7323,-28.7112
+0.7328,-30.0849
+0.7332,-31.5398
+0.7336,-32.7557
+0.734,-34.112
+0.7343,-35.3235
+0.7347,-36.5824
+0.7349,-37.3647
+0.7352,-37.9914
+0.7356,-38.6195
+0.736,-39.5404
+0.7362,-39.9657
+0.7365,-40.3252
+0.7368,-40.8287
+0.7372,-41.2999
+0.7376,-41.6822
+0.738,-42.3639
+0.7383,-42.8406
+0.7388,-43.3977
+0.7392,-43.8911
+0.7396,-44.1846
+0.74,-44.7777
+0.7403,-45.0408
+0.7412,-45.4648
+0.7414,-45.4724
+0.7417,-45.2359
+0.742,-45.2077
+0.7423,-44.9938
+0.7428,-44.8981
+0.7432,-44.7459
+0.7436,-44.3952
+0.744,-44.1497
+0.7443,-43.9681
+0.7448,-43.276
+0.7452,-42.7393
+0.7456,-42.5348
+0.746,-41.5809
+0.7463,-40.9818
+0.7468,-39.9788
+0.7472,-39.077
+0.7476,-38.3569
+0.748,-37.3329
+0.7483,-36.287
+0.7488,-35.3433
+0.7492,-34.3553
+0.7496,-33.3529
+0.75,-32.3804
+0.7503,-31.5296
+0.7508,-30.8774
+0.7512,-29.9534
+0.7516,-29.1193
+0.752,-28.2581
+0.7523,-27.4457
+0.7528,-26.6255
+0.7532,-25.7424
+0.7536,-24.8584
+0.754,-23.9664
+0.7543,-23.08
+0.7548,-22.1802
+0.7552,-21.3358
+0.7556,-20.3401
+0.756,-19.4324
+0.7563,-18.6333
+0.7568,-17.5989
+0.7572,-16.9732
+0.7576,-16.0836
+0.758,-15.2425
+0.7585,-14.4974
+0.7588,-13.6786
+0.7592,-13.0777
+0.7596,-12.4263
+0.76,-11.9401
+0.7603,-11.2905
+0.7608,-10.9314
+0.7612,-10.245
+0.7616,-9.91207
+0.762,-9.54517
+0.7623,-9.15014
+0.7628,-8.82843
+0.7632,-8.37639
+0.7636,-8.15078
+0.764,-7.9532
+0.7643,-7.92029
+0.7648,-7.97172
+0.7652,-8.14791
+0.7656,-8.05416
+0.766,-8.14903
+0.7663,-8.15226
+0.7668,-8.03682
+0.7672,-8.05564
+0.7676,-8.15179
+0.768,-8.16267
+0.7683,-8.25659
+0.7689,-8.23634
+0.7692,-8.62713
+0.7696,-8.88833
+0.77,-9.21491
+0.7703,-10.0202
+0.7708,-10.7462
+0.7712,-11.6119
+0.7716,-12.3302
+0.772,-13.0294
+0.7723,-13.7959
+0.7728,-14.6036
+0.7732,-15.1189
+0.7736,-16.0978
+0.774,-17.0161
+0.7743,-17.4978
+0.7748,-18.3429
+0.7752,-19.1267
+0.7756,-19.9686
+0.776,-20.7371
+0.7763,-21.3044
+0.7768,-22.1445
+0.7772,-22.826
+0.7776,-23.3212
+0.7781,-23.8195
+0.7785,-24.3391
+0.7788,-24.6499
+0.7792,-24.8147
+0.7796,-24.9983
+0.78,-25.1054
+0.7803,-25.313
+0.7808,-25.4535
+0.7812,-25.5395
+0.7816,-25.5949
+0.782,-25.6462
+0.7823,-25.6768
+0.7828,-25.5418
+0.7832,-25.4142
+0.7836,-25.2651
+0.784,-25.0774
+0.7843,-24.8297
+0.7848,-24.1526
+0.7852,-23.5987
+0.7856,-23.0292
+0.786,-22.2153
+0.7863,-21.0801
+0.7868,-20.3551
+0.7872,-19.4375
+0.7876,-18.1722
+0.788,-17.1951
+0.7883,-16.0013
+0.7889,-15.1199
+0.7892,-14.1266
+0.7896,-12.9683
+0.79,-11.925
+0.7903,-11.1266
+0.7908,-10.0576
+0.7912,-8.95118
+0.7916,-8.02297
+0.792,-6.94469
+0.7923,-6.10343
+0.7928,-4.99087
+0.7932,-3.77634
+0.7936,-2.57237
+0.794,-1.5155
+0.7943,-0.43696
+0.7948,+0.482041
+0.7952,+1.53092
+0.7956,+2.45518
+0.796,+3.46085
+0.7963,+4.41987
+0.7969,+5.36119
+0.7973,+6.13955
+0.7976,+6.88008
+0.798,+7.66814
+0.7983,+8.1047
+0.7988,+19.8574
+0.7992,+20.225
+0.7996,+21.3516
+0.8,+22.2414
+0.8003,+23.3333
+0.8008,+24.1307
+0.8012,+24.6171
+0.8016,+25.3862
+0.802,+26.0119
+0.8023,+26.8419
+0.8028,+27.428
+0.8032,+28.6942
+0.8036,+28.9327
+0.804,+29.4142
+0.8043,+29.7284
+0.8047,+29.9279
+0.8052,+30.4589
+0.8056,+30.4496
+0.806,+30.4798
+0.8063,+30.7408
+0.8068,+31.1819
+0.8072,+31.2843
+0.8076,+31.5135
+0.808,+31.5572
+0.8083,+31.6957
+0.8088,+31.9342
+0.8092,+31.9346
+0.8096,+32.0465
+0.81,+32.2835
+0.8103,+32.135
+0.8108,+31.8224
+0.8112,+31.6869
+0.8116,+31.615
+0.812,+31.6778
+0.8123,+31.3549
+0.8127,+31.5629
+0.8132,+31.5255
+0.8136,+31.57
+0.814,+31.5018
+0.8143,+31.7489
+0.8148,+32.0302
+0.8152,+31.991
+0.8156,+31.8347
+0.816,+31.5127
+0.8164,+31.6565
+0.8168,+31.3255
+0.8172,+31.4254
+0.8176,+31.5571
+0.818,+31.3815
+0.8183,+31.1256
+0.8188,+30.8731
+0.8192,+30.6459
+0.8196,+30.6001
+0.82,+30.504
+0.8203,+30.34
+0.8207,+30.2118
+0.8217,+29.9314
+0.8219,+29.5532
+0.8221,+29.6075
+0.8224,+29.1833
+0.8228,+29.0359
+0.8232,+28.8631
+0.8236,+28.6326
+0.824,+28.4462
+0.8243,+28.2948
+0.8248,+27.9646
+0.8252,+27.8625
+0.8256,+27.5619
+0.826,+27.2707
+0.8263,+27.2796
+0.8268,+27.1138
+0.8272,+27.0146
+0.8276,+26.7437
+0.828,+26.4586
+0.8284,+26.0237
+0.8287,+25.9199
+0.8293,+25.4937
+0.8297,+25.007
+0.83,+24.6428
+0.8303,+24.2331
+0.8308,+23.7622
+0.8312,+23.3325
+0.8316,+22.8857
+0.832,+22.5403
+0.8323,+22.045
+0.8328,+21.3196
+0.8332,+20.6941
+0.8336,+20.1945
+0.834,+19.5637
+0.8343,+18.8302
+0.8348,+17.9571
+0.8352,+17.1028
+0.8356,+16.2505
+0.836,+15.3525
+0.8363,+14.64
+0.8367,+13.7177
+0.8372,+12.8165
+0.8376,+11.9366
+0.838,+10.8172
+0.8383,+9.73708
+0.8388,+8.78191
+0.8392,+7.59033
+0.8396,+6.47917
+0.84,+5.28588
+0.8403,+3.84789
+0.8408,+2.50911
+0.8412,+1.11546
+0.8416,-0.258549
+0.842,-1.68266
+0.8423,-3.13905
+0.8428,-4.78671
+0.8432,-6.15419
+0.8436,-7.81306
+0.844,-9.3774
+0.8443,-10.8899
+0.8447,-12.5169
+0.8452,-14.2045
+0.8456,-15.9643
+0.846,-17.7509
+0.8463,-19.3403
+0.8468,-21.026
+0.8472,-22.8275
+0.8476,-24.497
+0.848,-26.3403
+0.8484,-28.3019
+0.8488,-30.0063
+0.8492,-31.8208
+0.8496,-33.6729
+0.85,-35.5899
+0.8503,-37.5511
+0.8508,-39.6185
+0.8512,-41.6093
+0.8516,-43.8304
+0.852,-45.8262
+0.8524,-47.8462
+0.8527,-49.6954
+0.8532,-51.5706
+0.8536,-53.4491
+0.854,-55.3479
+0.8543,-57.4081
+0.8548,-58.8427
+0.8552,-60.511
+0.8556,-61.9334
+0.856,-63.379
+0.8563,-64.5144
+0.8568,-66.023
+0.8572,-67.0455
+0.8576,-69.0202
+0.858,-70.8204
+0.8583,-71.7586
+0.8588,-72.8911
+0.8592,-74.6743
+0.8596,-76.3628
+0.8601,-78.1467
+0.8604,-78.9836
+0.8607,-80.6021
+0.8612,-81.5984
+0.8616,-82.3516
+0.862,-82.1796
+0.8623,-83.5141
+0.8628,-85.053
+0.8632,-85.7831
+0.8636,-86.4463
+0.864,-86.8197
+0.8643,-87.2986
+0.8648,-87.7352
+0.8652,-88.6864
+0.8656,-87.9712
+0.866,-87.8598
+0.8663,-87.027
+0.8668,-86.7035
+0.8672,-86.4888
+0.8676,-86.1416
+0.868,-85.7139
+0.8683,-86.0544
+0.8687,-85.168
+0.8692,-84.6208
+0.8696,-84.8498
+0.87,-85.2292
+0.8703,-85.4031
+0.8708,-84.603
+0.8712,-83.3697
+0.8716,-82.5595
+0.872,-81.9208
+0.8724,-81.1595
+0.8728,-80.5029
+0.8732,-79.3133
+0.8736,-78.1222
+0.874,-76.8669
+0.8743,-75.5055
+0.8747,-74.1841
+0.8752,-73.0023
+0.8756,-71.1556
+0.876,-69.2134
+0.8763,-67.1609
+0.8768,-64.8455
+0.8772,-62.8688
+0.8776,-60.5404
+0.878,-58.0845
+0.8783,-55.429
+0.8787,-52.8636
+0.8792,-49.8465
+0.8796,-47.0776
+0.88,-44.0859
+0.8803,-41.043
+0.8808,-38.147
+0.8812,-35.0144
+0.8816,-32.0495
+0.882,-28.8734
+0.8823,-25.737
+0.8828,-22.584
+0.8832,-19.7376
+0.8836,-16.4644
+0.884,-13.6066
+0.8843,-10.5893
+0.8847,-7.73635
+0.8852,-4.96753
+0.8856,-2.07679
+0.886,+0.729281
+0.8863,+3.4575
+0.8868,+6.20265
+0.8872,+8.8973
+0.8876,+11.4036
+0.888,+14.1259
+0.8883,+16.4574
+0.8888,+18.8804
+0.8892,+21.031
+0.8896,+23.2955
+0.89,+25.312
+0.8905,+27.2055
+0.8908,+28.8266
+0.8912,+30.3198
+0.8916,+31.6976
+0.892,+32.904
+0.8924,+34.0214
+0.8927,+35.066
+0.8932,+36.1025
+0.8936,+37.1324
+0.894,+37.8628
+0.8943,+38.5651
+0.8947,+39.3361
+0.8952,+40.186
+0.8956,+40.221
+0.896,+40.9654
+0.8964,+41.7008
+0.8968,+42.1829
+0.8972,+42.8885
+0.8976,+42.9845
+0.898,+43.4048
+0.8983,+43.1396
+0.8987,+42.9256
+0.8992,+42.5014
+0.8996,+42.4374
+0.9,+41.6968
+0.9004,+40.8836
+0.9007,+40.5928
+0.9012,+39.4853
+0.9016,+38.6041
+0.902,+37.4563
+0.9023,+36.9271
+0.9028,+36.0684
+0.9032,+35.3588
+0.9036,+34.7389
+0.904,+33.9861
+0.9043,+33.0155
+0.9048,+31.7173
+0.9052,+30.8039
+0.9056,+29.6517
+0.906,+28.5787
+0.9063,+27.2779
+0.9067,+26.1812
+0.9072,+24.7344
+0.9076,+23.3947
+0.908,+21.9535
+0.9083,+20.7498
+0.9087,+19.0076
+0.9092,+17.5884
+0.9096,+16.143
+0.91,+14.6564
+0.9105,+13.1099
+0.9107,+11.5737
+0.9112,+10.109
+0.9116,+8.46275
+0.912,+6.87519
+0.9123,+5.13894
+0.9127,+3.66394
+0.9132,+1.99954
+0.9136,+0.105317
+0.914,-1.78183
+0.9143,-3.45612
+0.9147,-5.39402
+0.9152,-7.35631
+0.9156,-9.30826
+0.916,-11.2959
+0.9164,-13.2461
+0.9167,-15.1137
+0.9172,-17.056
+0.9176,-18.8339
+0.918,-20.599
+0.9183,-22.5432
+0.9187,-24.3365
+0.9192,-26.3872
+0.9196,-27.9921
+0.92,-29.6377
+0.9204,-31.5104
+0.9207,-33.1994
+0.9212,-35.2853
+0.9216,-36.9965
+0.922,-39.3158
+0.9224,-41.6168
+0.9227,-44.0839
+0.9232,-45.9961
+0.9241,-48.3106
+0.9244,-50.0296
+0.9247,-51.516
+0.9249,-53.7538
+0.9252,-55.5348
+0.9256,-57.7338
+0.926,-58.5998
+0.9263,-60.0541
+0.9267,-61.1319
+0.9272,-62.3369
+0.9276,-63.4898
+0.928,-64.521
+0.9283,-66.1157
+0.9287,-67.1231
+0.9292,-67.9031
+0.9296,-68.3877
+0.93,-69.4106
+0.9303,-69.6762
+0.9307,-69.9658
+0.9312,-70.0684
+0.9316,-69.913
+0.932,-70.352
+0.9323,-70.0425
+0.9327,-69.7311
+0.9332,-68.7957
+0.9336,-68.3501
+0.934,-67.9878
+0.9343,-67.4611
+0.9347,-66.8532
+0.9352,-66.2816
+0.9356,-65.6637
+0.936,-64.7578
+0.9363,-63.7457
+0.9367,-62.5665
+0.9372,-62.381
+0.9376,-61.408
+0.938,-59.957
+0.9384,-58.923
+0.9386,-57.8492
+0.9388,-56.6036
+0.9392,-55.6087
+0.9396,-54.2197
+0.94,-53.3182
+0.9404,-52.3395
+0.9409,-51.0748
+0.9412,-50.0725
+0.9416,-49.4671
+0.942,-48.286
+0.9423,-47.0956
+0.9427,-46.2287
+0.9432,-45.1815
+0.9436,-44.6646
+0.944,-43.5655
+0.9443,-42.6386
+0.9447,-41.6733
+0.9452,-40.7605
+0.9456,-39.7346
+0.946,-38.996
+0.9464,-37.8368
+0.9467,-36.6079
+0.9472,-35.51
+0.9476,-34.2822
+0.948,-33.6217
+0.9483,-32.5136
+0.9487,-31.7101
+0.9492,-30.8006
+0.9496,-30.0094
+0.95,-29.3571
+0.9503,-28.9761
+0.9507,-28.6198
+0.9513,-28.3939
+0.9516,-28.428
+0.952,-27.9149
+0.9524,-27.714
+0.9527,-27.3315
+0.9532,-27.1259
+0.9536,-26.9136
+0.954,-26.7761
+0.9543,-26.8714
+0.9547,-26.677
+0.9552,-26.6129
+0.9556,-26.4985
+0.956,-26.5497
+0.9564,-26.8296
+0.9567,-27.1527
+0.9572,-27.3435
+0.9576,-27.6748
+0.958,-27.6136
+0.9583,-27.5506
+0.9587,-28.1701
+0.9592,-28.6151
+0.9596,-28.7035
+0.96,-28.8829
+0.9603,-29.2677
+0.9607,-29.8275
+0.9612,-30.1715
+0.9616,-30.3496
+0.962,-31.1753
+0.9623,-32.1213
+0.9627,-32.6675
+0.9632,-32.8512
+0.9636,-33.5064
+0.964,-34.5694
+0.9644,-35.3194
+0.9647,-35.5485
+0.9652,-36.2311
+0.9656,-37.2621
+0.966,-37.7632
+0.9663,-38.3101
+0.9667,-38.9533
+0.9672,-39.4134
+0.9676,-40.1015
+0.968,-40.0616
+0.9684,-40.4341
+0.9687,-41.313
+0.9692,-41.3879
+0.9696,-41.6282
+0.97,-41.9903
+0.9703,-42.1728
+0.9707,-42.543
+0.9712,-43.2188
+0.9716,-43.6712
+0.972,-44.2872
+0.9724,-44.6831
+0.9727,-44.7157
+0.973,-45.4012
+0.9732,-45.1698
+0.9736,-45.48
+0.974,-45.7135
+0.9743,-45.6963
+0.9747,-45.4721
+0.9752,-45.6301
+0.9756,-45.9775
+0.976,-45.64
+0.9763,-45.7617
+0.9767,-45.9828
+0.9772,-46.2182
+0.9776,-45.9942
+0.978,-46.3054
+0.9784,-46.2436
+0.9787,-46.9395
+0.9792,-46.7934
+0.9796,-47.2118
+0.98,-47.8146
+0.9803,-48.2238
+0.9807,-48.4319
+0.9812,-49.3064
+0.9814,-49.536
+0.9816,-49.8561
+0.982,-50.6079
+0.9824,-50.9117
+0.9827,-51.5259
+0.9832,-51.1005
+0.9836,-51.4572
+0.984,-51.9476
+0.9843,-52.4587
+0.9847,-52.8339
+0.9852,-53.0921
+0.9856,-53.6325
+0.986,-53.9921
+0.9864,-54.2442
+0.9867,-54.0504
+0.9872,-54.8302
+0.9876,-55.1837
+0.988,-55.3653
+0.9884,-55.5678
+0.9887,-55.8381
+0.9892,-56.7477
+0.9896,-56.8217
+0.99,-57.0291
+0.9904,-57.3263
+0.9907,-58.2086
+0.9912,-58.4136
+0.9916,-57.6945
+0.992,-56.9123
+0.9924,-57.3446
+0.9927,-57.5869
+0.9932,-57.9689
+0.9936,-58.2583
+0.994,-58.0986
+0.9943,-57.2543
+0.9947,-57.4902
+0.9952,-57.8469
+0.9956,-58.9493
+0.996,-59.618
+0.9964,-59.6154
+0.9967,-59.7018
+0.9972,-59.5647
+0.9976,+62.6256
+0.998,+62.6475
+0.9984,+63.4136
+0.9987,+63.1528
+0.9992,+63.2921
+0.9996,+63.6111
+1,+63.8977
+1.0004,+64.111
+1.0007,+64.1774
+1.0012,+63.8846
+1.0016,+64.0705
+1.002,+63.5788
+1.0024,+63.7407
+1.0027,+64.4325
+1.0032,+64.2307
+1.0036,+63.1852
+1.004,+63.2182
+1.0044,+63.428
+1.0047,+63.4284
+1.0052,+64.2358
+1.0056,+64.5815
+1.006,+65.9743
+1.0064,+65.5296
+1.0067,+65.8521
+1.0072,+65.8547
+1.0076,+66.6137
+1.008,+67.2172
+1.0084,+67.4398
+1.0088,+67.7616
+1.0093,+67.2367
+1.0096,+67.2076
+1.01,+67.2332
+1.0103,+67.2299
+1.0107,+66.9193
+1.0112,+67.1023
+1.0116,+67.6568
+1.0121,+67.8849
+1.0124,+67.9622
+1.0127,+67.978
+1.0132,+67.994
+1.0136,+68.0649
+1.014,+68.0332
+1.0143,+68.5659
+1.0147,+67.8594
+1.0152,+67.3828
+1.0156,+66.6148
+1.016,+65.9073
+1.0164,+65.2846
+1.0167,+64.6305
+1.0172,+64.5494
+1.0176,+63.1816
+1.018,+62.463
+1.0184,+62.2842
+1.0187,+62.2314
+1.0192,+61.6181
+1.0196,+60.7638
+1.02,+60.0617
+1.0204,+58.6979
+1.0207,+57.8018
+1.0212,+56.7356
+1.0216,+56.2332
+1.022,+55.0967
+1.0224,+53.9668
+1.0227,+52.8642
+1.0232,+52.1242
+1.0236,+51.4472
+1.024,+50.1954
+1.0244,+49.4831
+1.0247,+48.4506
+1.0252,+47.5181
+1.0256,+46.4758
+1.0265,+45.5404
+1.0267,+44.3055
+1.0272,+43.2974
+1.0274,+42.3332
+1.0276,+41.4506
+1.028,+40.4736
+1.0283,+39.4736
+1.0287,+38.5019
+1.0292,+37.4367
+1.0296,+36.5308
+1.03,+36.0414
+1.0303,+35.7605
+1.0307,+35.1193
+1.0312,+34.5884
+1.0316,+34.1845
+1.032,+34.1831
+1.0323,+33.7735
+1.0327,+33.5557
+1.0332,+33.4375
+1.0336,+33.2253
+1.034,+32.7166
+1.0343,+32.5674
+1.0347,+32.6971
+1.0352,+32.7361
+1.0356,+32.5293
+1.036,+32.164
+1.0363,+32.0142
+1.0367,+32.0824
+1.0372,+32.0764
+1.0376,+32.187
+1.038,+32.5381
+1.0383,+32.2163
+1.0387,+31.8862
+1.0392,+31.6476
+1.0396,+31.7032
+1.04,+31.7474
+1.0403,+31.9171
+1.0407,+31.9499
+1.0412,+31.6593
+1.0416,+31.7711
+1.042,+31.4843
+1.0426,+31.3948
+1.0429,+31.2055
+1.0432,+31.1772
+1.0436,+31.058
+1.044,+30.7749
+1.0443,+30.3551
+1.0447,+29.979
+1.0452,+29.9257
+1.0456,+29.258
+1.046,+28.6015
+1.0463,+28.1055
+1.0467,+27.6157
+1.0472,+26.907
+1.0476,+25.9525
+1.048,+25.2585
+1.0483,+24.5423
+1.0487,+23.7156
+1.0492,+22.795
+1.0496,+22.0399
+1.05,+21.3072
+1.0503,+20.4176
+1.0507,+19.5859
+1.0512,+18.8821
+1.0516,+18.258
+1.052,+17.4076
+1.0523,+16.6654
+1.0527,+15.8976
+1.0532,+15.213
+1.0536,+14.5439
+1.054,+13.9244
+1.0543,+13.4723
+1.0547,+12.8651
+1.0552,+11.9642
+1.0556,+11.2124
+1.056,+10.543
+1.0563,+9.85783
+1.0567,+9.03808
+1.0572,+8.21396
+1.0576,+7.65536
+1.058,+6.94504
+1.0583,+6.08352
+1.0587,+5.3182
+1.0592,+4.72236
+1.0596,+4.07366
+1.06,+3.52096
+1.0603,+2.92204
+1.0607,+2.51215
+1.0612,+1.85776
+1.0616,+1.18149
+1.062,+0.545471
+1.0623,-0.039836
+1.0627,-0.471747
+1.0632,-1.09288
+1.0636,-1.41681
+1.064,-1.99887
+1.0643,-2.41411
+1.0647,-3.11085
+1.0652,-3.52978
+1.0656,-4.08363
+1.066,-4.96578
+1.0663,-5.28745
+1.0667,-6.17979
+1.0672,-6.72645
+1.0676,-7.23793
+1.068,-8.09756
+1.0683,-8.96464
+1.0687,-9.69141
+1.0692,-10.5118
+1.0696,-10.9144
+1.07,-11.0203
+1.0703,-11.7094
+1.0707,-12.258
+1.0712,-12.3543
+1.0716,-12.9026
+1.072,-12.8495
+1.0723,-12.9345
+1.073,-13.1556
+1.0732,-13.0192
+1.0736,-13.6082
+1.074,-14.1174
+1.0743,-14.0655
+1.0747,-13.7784
+1.0752,-14.0487
+1.0756,-14.0638
+1.076,-14.1559
+1.0763,-14.0799
+1.0767,-13.6468
+1.0772,-13.5918
+1.0776,-13.1654
+1.078,-12.9201
+1.0783,-12.6364
+1.0787,-12.6336
+1.0792,-12.3096
+1.0796,-12.0263
+1.08,-11.7328
+1.0803,-11.5638
+1.0807,-11.5047
+1.0812,-11.5276
+1.0816,-11.2653
+1.082,-10.624
+1.0823,-10.6074
+1.0827,-10.1225
+1.0832,-9.81345
+1.0836,-9.89071
+1.084,-9.57063
+1.0843,-9.36873
+1.0847,-9.15131
+1.0852,-8.50345
+1.0856,-8.0681
+1.0862,-8.05811
+1.0864,-8.07504
+1.0867,-8.16399
+1.0872,-8.10744
+1.0876,-7.69776
+1.088,-7.92939
+1.0883,-7.8364
+1.0887,-7.58861
+1.0892,-7.61287
+1.0896,-7.72374
+1.09,-7.58161
+1.0903,-7.47704
+1.0907,-7.48644
+1.0912,-7.76305
+1.0916,-7.76225
+1.092,-7.69662
+1.0923,-7.58017
+1.0928,-7.90102
+1.0932,-8.28949
+1.0936,-8.58196
+1.094,-8.63792
+1.0943,-8.79597
+1.0947,-8.91556
+1.0952,-8.92164
+1.0956,-9.08815
+1.096,-9.17853
+1.0963,-9.22909
+1.0967,-9.24965
+1.0972,-9.14923
+1.0976,-9.24173
+1.098,-9.28678
+1.0983,-9.10207
+1.0987,-8.90273
+1.0992,-8.79065
+1.0996,-8.36941
+1.1,-8.09755
+1.1003,-8.03252
+1.1007,-7.63536
+1.1012,-7.23277
+1.1016,-6.59545
+1.102,-6.21815
+1.1023,-5.64079
+1.1027,-5.29487
+1.1032,-4.77277
+1.1036,-4.45489
+1.104,-3.67762
+1.1043,-2.95985
+1.1047,-2.3453
+1.1052,-1.70925
+1.1056,-1.21802
+1.106,-0.725994
+1.1063,-0.0752272
+1.1067,+0.691994
+1.1072,+1.30223
+1.1076,+1.89756
+1.108,+2.43949
+1.1083,+3.1013
+1.1087,+3.76544
+1.1092,+4.51676
+1.1096,+5.20869
+1.11,+5.98147
+1.1103,+6.57387
+1.1107,+7.20748
+1.1111,+7.89242
+1.1116,+8.4668
+1.112,+9.01513
+1.1123,+9.55869
+1.1127,+9.98519
+1.1132,+10.2667
+1.1136,+10.7683
+1.114,+11.1576
+1.1143,+11.437
+1.1147,+11.747
+1.1152,+12.0652
+1.1156,+12.2454
+1.116,+12.3639
+1.1163,+12.2688
+1.1167,+12.2688
+1.1172,+12.3359
+1.1176,+12.1816
+1.118,+12.1482
+1.1183,+12.0595
+1.1187,+11.9452
+1.1191,+11.9202
+1.1196,+11.7422
+1.12,+11.5608
+1.1203,+11.504
+1.1207,+11.3434
+1.1211,+11.0128
+1.1216,+10.6334
+1.122,+10.2777
+1.1223,+9.81414
+1.1227,+9.37647
+1.1232,+8.82392
+1.1236,+8.39532
+1.124,+7.94414
+1.1243,+7.53583
+1.1247,+7.0022
+1.1252,+6.63525
+1.1256,+6.19037
+1.126,+5.51195
+1.1264,+5.18773
+1.1267,+4.73509
+1.1271,+4.17304
+1.1276,+3.70398
+1.128,+3.17009
+1.1289,+2.60951
+1.1292,+2.1985
+1.1293,+1.60795
+1.1296,+1.32512
+1.13,+0.939976
+1.1303,+0.755936
+1.1307,+0.414246
+1.1312,+0.154236
+1.1316,+0.0195964
+1.132,-0.11223
+1.1323,-0.364109
+1.1327,-0.566826
+1.1334,-0.608683
+1.1336,-0.656901
+1.134,-0.477422
+1.1343,-0.792771
+1.1347,-0.597162
+1.1351,-0.39898
+1.1356,-0.322509
+1.136,-0.168612
+1.1364,+0.123713
+1.1367,+0.527673
+1.1372,+0.949996
+1.1376,+1.25569
+1.138,+1.597
+1.1383,+2.23134
+1.1387,+2.73707
+1.1391,+3.28653
+1.1396,+3.98193
+1.14,+4.7111
+1.1403,+5.39702
+1.1407,+6.09483
+1.1412,+6.76519
+1.1416,+7.60547
+1.142,+8.63317
+1.1423,+9.60011
+1.1427,+10.481
+1.1431,+11.3732
+1.1437,+12.1874
+1.1441,+13.2299
+1.1444,+14.3895
+1.1447,+15.5107
+1.1451,+16.6322
+1.1456,+17.7186
+1.146,+18.4703
+1.1463,+19.3713
+1.1467,+20.2406
+1.1471,+21.0776
+1.1476,+22.1034
+1.148,+22.9898
+1.1483,+23.5511
+1.1487,+24.1241
+1.1492,+25.0086
+1.1496,+25.4925
+1.15,+26.3226
+1.1503,+27.1964
+1.1507,+27.8349
+1.1511,+28.9015
+1.1516,+29.7295
+1.152,+30.8805
+1.1523,+32.031
+1.1527,+33.0674
+1.1531,+34.0543
+1.1549,+35.1755
+1.1551,+36.0937
+1.1553,+36.9908
+1.1556,+37.9798
+1.1558,+38.9776
+1.1561,+39.7081
+1.1564,+40.3104
+1.1567,+40.9532
+1.1571,+41.7809
+1.1576,+42.2853
+1.158,+43.2265
+1.1583,+43.8086
+1.1587,+44.3249
+1.1591,+45.0705
+1.1596,+45.3402
+1.16,+46.5577
+1.1603,+46.8657
+1.1607,+47.8194
+1.1611,+48.3066
+1.1616,+48.905
+1.162,+49.8789
+1.1623,+51.1699
+1.1627,+51.7494
+1.1631,+52.2718
+1.1636,+52.7532
+1.164,+52.8347
+1.1643,+53.499
+1.1649,+54.0719
+1.1652,+54.9439
+1.1656,+55.2662
+1.166,+55.3074
+1.1664,+55.2881
+1.1667,+55.3481
+1.1671,+55.273
+1.1676,+55.4258
+1.168,+55.4074
+1.1684,+54.9355
+1.1687,+54.1901
+1.1691,+53.2869
+1.1696,+52.7189
+1.17,+51.6475
+1.1703,+50.911
+1.1707,+50.8627
+1.1711,+50.3572
+1.1716,+49.8889
+1.1721,+49.2961
+1.1723,+49.0273
+1.1725,+48.5292
+1.1728,+48.1518
+1.1732,+48.2583
+1.1736,+48.2995
+1.174,+48.0554
+1.1744,+47.5307
+1.1747,+47.3785
+1.1751,+47.5202
+1.1756,+47.582
+1.176,+47.4502
+1.1764,+47.6679
+1.1767,+47.7923
+1.1771,+47.6165
+1.1776,+47.674
+1.178,+47.8052
+1.1783,+48.059
+1.1787,+48.4236
+1.1791,+48.349
+1.1796,+48.2419
+1.18,+48.4144
+1.1803,+48.4065
+1.1807,+48.6528
+1.1811,+48.641
+1.1816,+48.6315
+1.182,+48.6811
+1.1824,+48.6355
+1.1827,+48.7667
+1.1831,+48.5507
+1.1836,+48.6082
+1.184,+48.7148
+1.1844,+48.6872
+1.1847,+48.5863
+1.1851,+48.6662
+1.1856,+48.7824
+1.186,+48.4167
+1.1864,+48.0199
+1.1867,+47.6566
+1.1871,+47.463
+1.1876,+47.0987
+1.188,+46.7431
+1.1883,+46.2401
+1.1887,+45.7059
+1.1891,+45.2121
+1.1896,+44.5018
+1.19,+44.1
+1.1903,+43.9129
+1.1907,+43.6526
+1.1911,+43.4182
+1.1916,+42.8768
+1.192,+42.8034
+1.1924,+42.634
+1.1927,+42.3075
+1.1931,+41.9632
+1.1936,+41.8327
+1.194,+42.1646
+1.1944,+41.9209
+1.1947,+41.9973
+1.1952,+42.0065
+1.1956,+42.2676
+1.196,+42.2428
+1.1963,+42.7727
+1.1967,+43.4069
+1.1971,+44.0054
+1.1976,+46.3755
+1.198,+46.7006
+1.1984,+47.6895
+1.1987,+48.354
+1.1991,+49.3555
+1.1996,+50.5548
+1.2,+51.4518
+1.2003,+52.3576
+1.2007,+53.4517
+1.2011,+54.9026
+1.2016,+56.2764
+1.202,+57.5856
+1.2024,+59.6541
+1.2027,+61.2447
+1.2031,+62.7384
+1.2036,+64.1982
+1.204,+65.9537
+1.2044,+67.3873
+1.2047,+68.8713
+1.2051,+70.1084
+1.2057,+71.3733
+1.206,+72.6277
+1.2064,+72.7776
+1.2067,+73.2445
+1.2071,+73.7078
+1.2076,+73.9111
+1.208,+73.6848
+1.2083,+73.2764
+1.2087,+72.5995
+1.2091,+71.6723
+1.2096,+70.519
+1.21,+68.7032
+1.2103,+66.6743
+1.2107,+64.4932
+1.2111,+61.9331
+1.2116,+59.3355
+1.212,+55.9046
+1.2124,+52.7718
+1.2127,+49.1122
+1.2131,+45.2499
+1.2136,+41.1987
+1.214,+37.3804
+1.2144,+33.485
+1.2147,+29.359
+1.2151,+25.3646
+1.2156,+21.1938
+1.216,+17.3873
+1.2163,+13.3181
+1.2167,+9.50806
+1.2171,+5.61621
+1.2176,+2.01489
+1.218,-1.9226
+1.2184,-5.56653
+1.2187,-8.71553
+1.2191,-11.9515
+1.2196,-15.355
+1.22,-18.3131
+1.2204,-20.812
+1.2207,-22.9761
+1.2211,-24.7012
+1.2216,-26.3003
+1.222,-27.3815
+1.2224,-28.2374
+1.2227,-29.235
+1.2231,-29.7874
+1.2236,-29.9421
+1.224,-29.8212
+1.2244,-29.9239
+1.2247,-29.6343
+1.2251,-29.3556
+1.2256,-29.2424
+1.226,-28.4949
+1.2265,-27.6472
+1.2267,-26.8858
+1.2271,-25.784
+1.2276,-24.5417
+1.228,-23.1614
+1.2284,-21.6663
+1.2287,-20.4626
+1.2291,-18.7086
+1.2296,-16.7734
+1.23,-15.1996
+1.2304,-13.6291
+1.2313,-11.8084
+1.2316,-10.3363
+1.2318,-8.59398
+1.232,-6.766
+1.2323,-4.96798
+1.2327,-3.11711
+1.2331,-1.53984
+1.2336,+0.188145
+1.234,+1.7743
+1.2343,+3.47069
+1.2347,+5.30862
+1.2351,+7.12375
+1.2356,+8.85537
+1.236,+10.5523
+1.2364,+12.1159
+1.2367,+13.796
+1.2372,+15.404
+1.2376,+16.9227
+1.238,+18.7598
+1.2384,+20.3465
+1.2387,+21.6034
+1.2391,+23.1925
+1.2396,+24.6312
+1.24,+25.7476
+1.2403,+27.2178
+1.2407,+28.7043
+1.2411,+30.0216
+1.2416,+31.4247
+1.242,+32.7142
+1.2423,+34.0206
+1.2427,+35.5456
+1.2431,+36.4593
+1.2436,+37.5239
+1.244,+38.8188
+1.2443,+40.2919
+1.2447,+41.5341
+1.2451,+42.7957
+1.2456,+44.0076
+1.246,+44.9959
+1.2464,+46.0797
+1.2467,+47.1529
+1.2471,+47.9343
+1.2476,+49.0464
+1.248,+49.9707
+1.2484,+50.3879
+1.2487,+50.9274
+1.2491,+51.3954
+1.2496,+51.8811
+1.25,+52.3856
+1.2503,+52.806
+1.2507,+53.4731
+1.2511,+54.4006
+1.2516,+54.9676
+1.252,+55.6906
+1.2523,+56.6613
+1.2527,+57.236
+1.2531,+58.0398
+1.2536,+58.5628
+1.254,+59.2387
+1.2543,+59.9161
+1.2547,+60.0285
+1.2551,+60.4012
+1.2556,+60.6213
+1.256,+60.7028
+1.2565,+60.6635
+1.2568,+60.7612
+1.2571,+60.2926
+1.2576,+60.1188
+1.258,+59.6429
+1.2584,+58.6675
+1.2587,+58.3603
+1.2591,+58.222
+1.2596,+57.5704
+1.26,+56.9579
+1.2604,+56.3756
+1.2607,+55.6368
+1.2611,+55.2703
+1.2616,+54.6531
+1.262,+54.092
+1.2624,+54.0616
+1.2627,+53.5623
+1.2631,+52.7449
+1.2636,+52.5085
+1.264,+52.2113
+1.2643,+51.8432
+1.2647,+51.7389
+1.2651,+51.9035
+1.2656,+52.5301
+1.266,+52.7642
+1.2664,+53.7525
+1.2667,+54.6075
+1.2671,+55.6906
+1.2676,+56.8673
+1.268,+58.3426
+1.2684,+59.66
+1.2687,+61.0895
+1.2691,+62.5844
+1.2696,+63.0893
+1.27,+64.7383
+1.2703,+65.6189
+1.2707,+66.9964
+1.2711,+68.33
+1.2716,+69.7137
+1.272,+71.0246
+1.2723,+72.3321
+1.2727,+73.9121
+1.2731,+74.4796
+1.2736,+76.5754
+1.274,+78.1716
+1.2743,+79.567
+1.2747,+80.7926
+1.2751,+82.1197
+1.2756,+83.2395
+1.276,+83.9621
+1.2764,+84.9283
+1.2767,+85.6967
+1.2771,+87.2944
+1.2776,+87.7187
+1.278,+87.9564
+1.2784,+88.3546
+1.2787,+88.6753
+1.2792,+87.7341
+1.2796,+87.5797
+1.28,+87.773
+1.2804,+86.5987
+1.2807,+86.0018
+1.2811,+85.2775
+1.2816,+83.5919
+1.282,+81.9097
+1.2823,+79.9151
+1.2827,+77.7506
+1.2831,+77.4432
+1.2836,+75.8775
+1.284,+73.8599
+1.2843,+72.3026
+1.2847,+69.5996
+1.2851,+66.2389
+1.2856,+64.3441
+1.286,+61.9157
+1.2865,+59.6879
+1.2867,+57.1112
+1.2871,+53.8924
+1.2876,+50.6111
+1.288,+47.0995
+1.2884,+44.0381
+1.2887,+41.0439
+1.2891,+38.3527
+1.2896,+35.4641
+1.29,+32.6543
+1.2904,+29.4881
+1.2907,+26.552
+1.2911,+23.2358
+1.2916,+20.1214
+1.292,+17.0337
+1.2924,+14.0253
+1.2927,+11.1962
+1.2931,+8.54062
+1.2936,+5.66947
+1.294,+2.80407
+1.2943,+0.398956
+1.2947,-1.99227
+1.2951,-4.22251
+1.2956,-6.52375
+1.296,-8.39094
+1.2964,-9.99474
+1.2967,-11.6089
+1.2971,-13.1284
+1.2976,-14.4132
+1.298,-15.3207
+1.2983,-16.1847
+1.2987,-17.1642
+1.2991,-17.9952
+1.2996,-18.6624
+1.3,-19.4115
+1.3004,-20.4585
+1.3007,-21.2591
+1.3011,-21.8796
+1.3016,-22.4795
+1.302,-23.2493
+1.3024,-23.874
+1.3027,-24.185
+1.3031,-25.0317
+1.3036,-25.3223
+1.304,-25.8462
+1.3044,-25.9354
+1.3047,-25.9558
+1.3051,-26.395
+1.3056,-27.0717
+1.306,-27.5333
+1.3064,-28.0797
+1.3067,-28.4222
+1.3071,-28.0826
+1.3076,-28.6401
+1.308,-28.6274
+1.3084,-28.8798
+1.3087,-29.0834
+1.3091,-28.9023
+1.3096,-28.7711
+1.31,-28.3462
+1.3104,-27.842
+1.3107,-27.6694
+1.3111,-27.6991
+1.3116,-26.9226
+1.312,-26.2191
+1.3124,-25.2998
+1.3127,-24.5216
+1.3131,-23.687
+1.3136,-22.6814
+1.314,-21.7182
+1.3144,-20.8941
+1.3147,-19.8699
+1.3151,-18.6794
+1.3156,-17.5195
+1.316,-16.5068
+1.3163,-15.4286
+1.3169,-14.4722
+1.3172,-13.4318
+1.3176,-12.278
+1.318,-11.1226
+1.3184,-9.92449
+1.3187,-8.56386
+1.3191,-7.45001
+1.3196,-6.46756
+1.32,-5.45355
+1.3204,-4.40647
+1.3207,-3.23335
+1.3211,-2.07623
+1.3216,-0.959533
+1.322,+0.00436482
+1.3224,+0.793651
+1.3227,+1.53963
+1.3231,+2.37708
+1.3236,+3.09711
+1.324,+3.95076
+1.3244,+4.5881
+1.3247,+5.13695
+1.3251,+5.6247
+1.3256,+5.85742
+1.326,+6.13322
+1.3263,+6.50633
+1.3267,+6.69385
+1.3271,+6.76325
+1.3276,+6.92154
+1.328,+7.02913
+1.3284,+7.14251
+1.3287,+7.40178
+1.3291,+7.44756
+1.3295,+7.97476
+1.33,+8.39539
+1.3304,+8.84898
+1.3307,+9.41153
+1.3311,+10.1961
+1.3315,+11.2778
+1.332,+12.2669
+1.3324,+13.3334
+1.3327,+14.2187
+1.3337,+15.3293
+1.3339,+16.4351
+1.3341,+17.646
+1.3344,+19.0466
+1.3347,+20.7759
+1.3351,+22.2528
+1.3355,+23.5695
+1.336,+25.1474
+1.3366,+26.7347
+1.3369,+28.6734
+1.3372,+30.6012
+1.3376,+32.4601
+1.338,+34.2442
+1.3384,+36.084
+1.3387,+37.7723
+1.3391,+39.7583
+1.3395,+41.7592
+1.34,+43.7773
+1.3404,+45.7791
+1.3407,+47.8065
+1.3411,+49.8105
+1.3416,+51.6094
+1.342,+53.8249
+1.3424,+55.9476
+1.3427,+58.1924
+1.3431,+60.044
+1.3435,+61.8232
+1.344,+63.6991
+1.3444,+65.8294
+1.3447,+68.0644
+1.3451,+69.4614
+1.3455,+71.3358
+1.346,+72.9446
+1.3465,+73.7398
+1.3467,+74.0921
+1.3471,+74.793
+1.3476,+75.3371
+1.348,+75.7427
+1.3484,+75.8729
+1.3487,+75.7736
+1.3491,+76.4184
+1.3496,+76.6264
+1.35,+76.8171
+1.3504,+77.7818
+1.3507,+78.7749
+1.3511,+79.4267
+1.3515,+80.3574
+1.352,+80.173
+1.3524,+80.6896
+1.3527,+80.4164
+1.3531,+80.1492
+1.3535,+79.9247
+1.354,+79.3781
+1.3544,+78.5716
+1.3547,+78.5038
+1.3551,+77.8773
+1.3555,+76.8538
+1.356,+77.298
+1.3564,+76.2884
+1.3567,+75.9268
+1.3572,+75.2514
+1.3576,+74.236
+1.358,+73.3351
+1.3584,+72.9843
+1.3587,+71.0835
+1.3591,+69.8439
+1.3596,+68.3434
+1.36,+66.0881
+1.3604,+64.5606
+1.3607,+62.733
+1.3611,+60.4889
+1.3615,+58.5506
+1.362,+56.3567
+1.3624,+53.1542
+1.3627,+50.3847
+1.3631,+47.1836
+1.3635,+43.951
+1.364,+40.5102
+1.3644,+36.5055
+1.3647,+32.3299
+1.3651,+28.5006
+1.3655,+24.0852
+1.366,+19.4299
+1.3664,+14.9234
+1.3667,+10.2771
+1.3671,+5.81336
+1.3676,+1.49474
+1.368,-2.78231
+1.3684,-7.20669
+1.3687,-11.7617
+1.3691,-16.2697
+1.3695,-21.0391
+1.37,-24.796
+1.3704,-28.5714
+1.3707,-32.1158
+1.3711,-35.527
+1.3715,-39.1174
+1.372,-42.0512
+1.3724,-44.7549
+1.3727,-46.5743
+1.3731,-48.1552
+1.3735,-49.0744
+1.374,-50.5859
+1.3744,-51.8433
+1.3747,-52.8427
+1.3751,-53.721
+1.3755,-53.2691
+1.376,-53.7948
+1.3765,-53.0908
+1.3767,-53.0829
+1.3771,-52.3391
+1.3775,-52.1756
+1.3781,-50.9421
+1.3784,-49.4053
+1.3787,-47.6143
+1.3791,-45.6086
+1.3795,-44.1342
+1.38,-41.9733
+1.3804,-40.1865
+1.3807,-37.631
+1.3811,-35.8131
+1.3815,-32.848
+1.382,-30.5619
+1.3824,-27.8809
+1.3827,-25.2343
+1.3831,-22.4951
+1.3835,-19.9652
+1.384,-17.1595
+1.3844,-14.3499
+1.3847,-11.5893
+1.3851,-8.57462
+1.3855,-5.64002
+1.386,-2.9255
+1.3864,-0.202512
+1.3867,+2.34021
+1.3871,+5.118
+1.3875,+8.00581
+1.388,+10.8118
+1.3884,+13.4587
+1.3887,+16.1165
+1.3892,+19.028
+1.3895,+21.6969
+1.39,+24.6217
+1.3904,+27.3748
+1.3907,+30.221
+1.3911,+33.0153
+1.3915,+35.6429
+1.392,+38.3932
+1.3924,+41.0871
+1.3927,+43.9689
+1.3931,+46.5329
+1.3935,+49.1019
+1.394,+51.6091
+1.3944,+54.0508
+1.3947,+56.6364
+1.3951,+59.0622
+1.3955,+61.5869
+1.396,+63.8716
+1.3964,+66.9304
+1.3967,+69.7282
+1.3971,+71.6267
+1.3975,+73.8975
+1.398,+75.534
+1.3984,+76.3035
+1.3987,+77.8197
+1.3991,+79.0223
+1.3995,+79.5992
+1.4,+80.3582
+1.4004,+79.4931
+1.4007,+78.0688
+1.4011,+77.9161
+1.4015,+76.9585
+1.402,+75.6701
+1.4024,+74.8137
+1.4027,+72.6669
+1.4031,+70.6703
+1.4035,+69.0483
+1.404,+66.8124
+1.4044,+65.0051
+1.4047,+63.1228
+1.4051,+60.1327
+1.4055,+57.1756
+1.406,+54.9703
+1.4064,+52.5027
+1.4067,+49.8576
+1.4071,+47.0212
+1.4075,+43.9318
+1.408,+40.8794
+1.4085,+37.7406
+1.4087,+34.8142
+1.4091,+32.2717
+1.4095,+29.4302
+1.41,+26.6182
+1.4104,+23.8563
+1.4107,+21.3315
+1.4111,+18.8259
+1.4115,+16.3614
+1.412,+14.1216
+1.4124,+11.8676
+1.4127,+9.69524
+1.4131,+7.66936
+1.4135,+5.92614
+1.414,+4.22342
+1.4144,+2.85131
+1.4147,+1.48398
+1.4151,+0.186257
+1.4155,-0.950973
+1.416,-2.25421
+1.4164,-3.19283
+1.4167,-4.10642
+1.4171,-5.00412
+1.4175,-6.03006
+1.418,-7.00821
+1.4184,-8.00673
+1.4187,-8.86193
+1.4191,-9.88176
+1.4195,-10.8633
+1.42,-11.5601
+1.4204,-12.3799
+1.4207,-13.4186
+1.4211,-14.6055
+1.4215,-15.5316
+1.422,-16.311
+1.4224,-17.2156
+1.4227,-17.9217
+1.4231,-18.7802
+1.4235,-19.3829
+1.424,-20.176
+1.4244,-20.9282
+1.4247,-21.4681
+1.4251,-21.8022
+1.4255,-22.3499
+1.426,-23.0565
+1.4264,-24.0566
+1.4267,-25.3818
+1.4271,-25.8878
+1.4275,-26.6186
+1.428,-27.2493
+1.4284,-27.7766
+1.4287,-28.4219
+1.4292,-29.1804
+1.4296,-30.0529
+1.43,-30.9198
+1.4304,-31.073
+1.4308,-30.9135
+1.4311,-31.3151
+1.4315,-31.6319
+1.432,-31.8992
+1.4324,-32.2569
+1.4327,-32.3694
+1.4331,-32.383
+1.4335,-32.2244
+1.434,-31.731
+1.4344,-31.2952
+1.4347,-31.0808
+1.4351,-30.5808
+1.4361,-29.8741
+1.4364,-29.2848
+1.4366,-28.359
+1.4368,-27.3918
+1.4371,-26.3131
+1.4375,-24.8022
+1.438,-23.4382
+1.4384,-21.9187
+1.4387,-20.2995
+1.4391,-18.5389
+1.4395,-16.8724
+1.44,-14.8171
+1.4404,-12.7699
+1.4407,-10.7364
+1.4411,-8.49938
+1.4415,-6.48976
+1.442,-4.22235
+1.4424,-2.05998
+1.4427,+0.412549
+1.4431,+2.81641
+1.4435,+5.06055
+1.444,+7.50051
+1.4444,+9.82283
+1.4447,+12.3398
+1.4451,+14.7117
+1.4455,+17.177
+1.446,+19.5257
+1.4464,+21.9607
+1.4467,+24.1793
+1.4471,+26.2185
+1.4475,+28.3765
+1.448,+30.1767
+1.4484,+32.2138
+1.4487,+34.0617
+1.4491,+35.7012
+1.4495,+37.239
+1.45,+38.8598
+1.4504,+40.0052
+1.4507,+41.0654
+1.4511,+42.088
+1.4515,+43.324
+1.4517,+44.1599
+1.4521,+44.6584
+1.4524,+45.0503
+1.4527,+45.8647
+1.4531,+46.5374
+1.4535,+47.0582
+1.454,+47.7482
+1.4544,+48.2731
+1.4547,+48.8565
+1.4551,+48.913
+1.4555,+49.1999
+1.456,+49.3407
+1.4564,+49.3541
+1.4567,+49.342
+1.4571,+49.3317
+1.4575,+48.7657
+1.458,+48.4464
+1.4584,+48.2269
+1.4587,+47.4346
+1.4591,+46.8045
+1.4595,+46.3885
+1.46,+45.9668
+1.4604,+45.7118
+1.4607,+45.0714
+1.4612,+44.4086
+1.4613,+43.9918
+1.4615,+43.1564
+1.462,+42.2644
+1.4624,+41.7254
+1.4627,+41.1077
+1.4631,+40.2341
+1.4635,+39.276
+1.464,+38.364
+1.4644,+37.0589
+1.4647,+35.6323
+1.4651,+34.3849
+1.4655,+33.102
+1.466,+31.7137
+1.4664,+30.0942
+1.4667,+28.5583
+1.4671,+26.965
+1.4675,+25.1457
+1.468,+23.1191
+1.4684,+21.4325
+1.4687,+19.4116
+1.4692,+17.3067
+1.4696,+15.3462
+1.47,+13.6261
+1.4704,+12.2105
+1.4707,+10.6504
+1.4711,+9.33477
+1.4715,+8.36281
+1.472,+7.4471
+1.4724,+6.59862
+1.4727,+6.03958
+1.4731,+5.82049
+1.4735,+5.47822
+1.474,+5.0846
+1.4744,+4.8808
+1.4747,+4.86638
+1.4751,+4.77332
+1.4755,+4.69275
+1.476,+4.79474
+1.4764,+4.81906
+1.4767,+5.13902
+1.4771,+5.40724
+1.4775,+5.76409
+1.478,+6.22239
+1.4784,+6.5772
+1.4787,+6.88728
+1.4791,+7.2701
+1.4795,+7.64902
+1.48,+7.75905
+1.4804,+8.11739
+1.4807,+8.35645
+1.4811,+8.50332
+1.4815,+8.64724
+1.482,+8.5972
+1.4824,+8.34284
+1.4827,+8.25006
+1.4831,+8.19723
+1.4835,+8.10203
+1.484,+8.14605
+1.4844,+7.96524
+1.4847,+7.58381
+1.4851,+7.33385
+1.4855,+6.93853
+1.486,+6.70184
+1.4864,+6.73756
+1.4867,+6.55192
+1.4871,+6.22989
+1.4875,+6.07642
+1.488,+5.81562
+1.4884,+5.5747
+1.4887,+5.34153
+1.4892,+5.08908
+1.4895,+4.99259
+1.49,+4.90431
+1.4904,+4.79621
+1.4907,+4.64855
+1.4911,+4.64603
+1.4915,+4.68667
+1.492,+4.63053
+1.4924,+4.69761
+1.4927,+4.93631
+1.4931,+5.06294
+1.4935,+5.24254
+1.494,+5.43557
+1.4944,+5.67907
+1.4947,+6.12235
+1.4951,+6.5973
+1.4955,+6.97103
+1.496,+7.44266
+1.4964,+7.94591
+1.4967,+8.4229
+1.4971,+9.02055
+1.4975,+9.6703
+1.498,+10.3182
+1.4984,+11.178
+1.4987,+11.9858
+1.4991,+12.7081
+1.4995,+13.5726
+1.5,+14.7207
+1.5004,+15.9478
+1.5007,+17.4631
+1.5011,+18.9807
+1.5015,+20.4744
+1.502,+22.1249
+1.5024,+23.8852
+1.5027,+25.7553
+1.5031,+27.7267
+1.5035,+29.7599
+1.504,+31.8191
+1.5044,+34.1251
+1.5047,+36.6707
+1.5051,+39.1026
+1.5055,+41.7471
+1.506,+44.3931
+1.5064,+47.0835
+1.5067,+49.5581
+1.5071,+52.1616
+1.5075,+54.9093
+1.508,+57.4951
+1.5084,+60.0876
+1.5087,+62.0464
+1.5091,+64.3309
+1.5095,+66.3217
+1.51,+68.0927
+1.5104,+68.7149
+1.5107,+70.2666
+1.5111,+71.471
+1.5115,+72.3242
+1.512,+72.913
+1.5124,+72.8844
+1.5127,+72.7611
+1.5131,+72.0928
+1.5135,+70.8916
+1.514,+70.197
+1.5144,+69.7271
+1.5147,+68.4133
+1.5151,+66.6692
+1.5155,+64.86
+1.5159,+62.9934
+1.5161,+61.2438
+1.5164,+59.2237
+1.5167,+56.5665
+1.5171,+54.3275
+1.5175,+51.0583
+1.518,+47.7626
+1.5184,+44.1613
+1.5187,+40.6574
+1.5191,+36.9414
+1.5196,+33.336
+1.52,+29.1545
+1.5204,+25.0868
+1.5208,+21.474
+1.5211,+17.7781
+1.5215,+14.2273
+1.522,+10.8824
+1.5224,+7.27021
+1.5227,+3.95113
+1.5231,+0.71767
+1.5235,-2.5895
+1.524,-5.43166
+1.5244,-8.2837
+1.5247,-11.0965
+1.5251,-13.6363
+1.5255,-16.0325
+1.526,-18.255
+1.5264,-20.4429
+1.5267,-22.1831
+1.5271,-23.8867
+1.5275,-25.5544
+1.528,-27.0805
+1.5284,-28.3454
+1.5287,-29.2812
+1.5291,-30.5466
+1.5295,-31.6236
+1.53,-32.6699
+1.5304,-33.2005
+1.5307,-34.1714
+1.5311,-34.9689
+1.5315,-35.5254
+1.532,-36.1313
+1.5324,-36.715
+1.5328,-37.3108
+1.5331,-37.5806
+1.5335,-38.0347
+1.534,-38.0968
+1.5344,-38.3467
+1.5347,-38.3947
+1.5351,-38.4871
+1.5355,-38.4788
+1.536,-38.5561
+1.5364,-38.2549
+1.5367,-38.0409
+1.5371,-37.6149
+1.5375,-37.013
+1.5385,-36.4464
+1.5388,-35.9013
+1.539,-35.3481
+1.5393,-34.5835
+1.5395,-33.7163
+1.54,-32.9105
+1.5404,-31.8475
+1.5407,-30.7456
+1.5411,-29.9194
+1.5415,-28.5868
+1.542,-27.7311
+1.5424,-26.573
+1.5427,-25.1157
+1.5431,-23.763
+1.5435,-22.5189
+1.544,-20.7253
+1.5444,-19.1599
+1.5448,-17.4055
+1.5451,-15.367
+1.5455,-13.5689
+1.546,-11.2601
+1.5464,-8.89811
+1.5468,-6.67954
+1.5472,-4.40918
+1.5475,-1.95044
+1.548,+0.290658
+1.5484,+2.55129
+1.5488,+4.77353
+1.5492,+7.00687
+1.5495,+9.22567
+1.55,+11.3472
+1.5504,+13.4621
+1.5508,+15.5064
+1.5511,+17.6322
+1.5515,+19.49
+1.552,+21.3722
+1.5524,+23.103
+1.5528,+24.814
+1.5531,+26.4119
+1.5535,+27.9086
+1.554,+29.3214
+1.5544,+30.8134
+1.5548,+32.0755
+1.5552,+33.2429
+1.5555,+34.4937
+1.556,+35.5791
+1.5564,+36.6622
+1.5568,+37.6911
+1.5571,+38.6527
+1.5575,+39.3491
+1.558,+40.3024
+1.5584,+40.7584
+1.5588,+41.0796
+1.5591,+41.6583
+1.5595,+41.7707
+1.56,+41.8066
+1.5604,+41.967
+1.5608,+41.8219
+1.5611,+41.5722
+1.5615,+41.2036
+1.562,+40.0009
+1.5624,+38.7396
+1.5628,+37.2535
+1.5632,+35.3179
+1.5635,+33.2564
+1.564,+30.9198
+1.5644,+27.9048
+1.5648,+24.801
+1.5651,+21.5833
+1.5655,+18.073
+1.566,+14.6499
+1.5664,+10.9184
+1.5668,+7.13309
+1.5671,+3.28873
+1.5675,-0.452672
+1.568,-4.0541
+1.5684,-7.62202
+1.5688,-11.0074
+1.5692,-14.2925
+1.5695,-16.8567
+1.57,-19.1766
+1.5704,-20.9281
+1.5708,-22.1983
+1.5711,-23.4086
+1.5715,-23.9407
+1.572,-24.4869
+1.5724,-24.5519
+1.5728,-24.2551
+1.5731,-23.9659
+1.5735,-23.6185
+1.574,-22.8438
+1.5744,-21.9642
+1.5748,-20.9284
+1.5752,-19.6477
+1.5755,-18.6626
+1.576,-17.6538
+1.5764,-16.6815
+1.5768,-15.6278
+1.5772,-14.321
+1.5775,-13.1284
+1.578,-12.3422
+1.5784,-11.2294
+1.5788,-10.4085
+1.5791,-9.376
+1.5795,-8.48311
+1.5799,-7.40313
+1.5804,-6.42312
+1.5808,-5.68531
+1.5811,-4.81073
+1.5815,-4.29063
+1.5819,-3.55855
+1.5824,-3.11348
+1.5828,-2.77542
+1.5832,-2.78986
+1.5835,-2.71457
+1.584,-2.42856
+1.5844,-2.29425
+1.5848,-2.21463
+1.5851,-2.41368
+1.5855,-2.27758
+1.5859,-2.43404
+1.5864,-3.06397
+1.5868,-3.42289
+1.5872,-4.06176
+1.5875,-4.84479
+1.588,-5.94791
+1.5884,-7.17741
+1.5888,-8.5607
+1.5891,-10.33
+1.5895,-11.9683
+1.59,-13.8042
+1.5904,-15.3007
+1.5908,-16.9953
+1.5911,-18.5047
+1.5915,-19.9965
+1.592,-21.4906
+1.5924,-22.6132
+1.5928,-23.7498
+1.5931,-24.3096
+1.5935,-25.0133
+1.5939,-25.5808
+1.5944,-25.8321
+1.5948,-26.1371
+1.5952,-26.2302
+1.5955,-26.0846
+1.5959,-25.8491
+1.5964,-27.9666
+1.5968,-27.3104
+1.5972,-26.9618
+1.5975,-26.5848
+1.598,-25.7482
+1.5984,-25.3795
+1.5988,-24.6227
+1.5992,-23.7252
+1.5995,-22.8272
+1.6,-21.9546
+1.6004,-21.1811
+1.6008,-20.4757
+1.6011,-19.4837
+1.6015,-18.4537
+1.6019,-17.5299
+1.6024,-16.2386
+1.6027,-15.0598
+1.6031,-14.0407
+1.6035,-13.0055
+1.604,-11.7616
+1.6044,-10.4142
+1.6047,-8.86351
+1.6051,-7.4802
+1.6055,-6.06352
+1.6059,-4.85772
+1.6064,-3.60493
+1.6067,-2.46663
+1.6071,-1.21298
+1.6075,+0.0740997
+1.6079,+1.25923
+1.6084,+2.36195
+1.6087,+3.26884
+1.6091,+4.22366
+1.6095,+5.02716
+1.6099,+6.05919
+1.6104,+6.83985
+1.6107,+7.83905
+1.6111,+8.64284
+1.6115,+9.29142
+1.6119,+10.1112
+1.6124,+10.8355
+1.6127,+11.6327
+1.6131,+12.4568
+1.6135,+13.5215
+1.6139,+14.4352
+1.6144,+15.5959
+1.6147,+16.6445
+1.6151,+17.767
+1.6155,+19.1074
+1.6159,+20.4406
+1.6164,+21.8235
+1.6167,+23.2505
+1.6171,+24.6887
+1.6175,+26.1385
+1.618,+27.8305
+1.6184,+29.339
+1.6187,+31.1655
+1.6191,+32.962
+1.6195,+34.7836
+1.6199,+36.3799
+1.6204,+38.0242
+1.6207,+39.7309
+1.6214,+40.8834
+1.6216,+42.221
+1.622,+43.3645
+1.6224,+44.4086
+1.6227,+45.0383
+1.6231,+45.4314
+1.6235,+45.4357
+1.6239,+45.2689
+1.6244,+44.8733
+1.6247,+44.0014
+1.6251,+43.1097
+1.6255,+41.4854
+1.6259,+39.4267
+1.6264,+37.1268
+1.6267,+34.3516
+1.6271,+31.3656
+1.6275,+28.4593
+1.6279,+25.333
+1.6284,+21.8601
+1.6287,+18.3899
+1.6291,+15.0877
+1.6295,+11.8124
+1.6299,+8.9112
+1.6304,+6.07682
+1.6307,+3.40194
+1.6311,+0.937193
+1.6315,-1.59705
+1.6319,-3.88992
+1.6324,-5.91918
+1.6327,-7.66967
+1.6331,-9.31742
+1.6335,-10.6867
+1.6339,-12.23
+1.6344,-13.3835
+1.6347,-14.3317
+1.6351,-14.9967
+1.6355,-15.4826
+1.6359,-16.0782
+1.6364,-16.405
+1.6367,-17.0885
+1.6371,-17.3359
+1.6375,-17.8978
+1.6379,-18.2155
+1.6384,-18.6322
+1.6388,-19.1158
+1.6391,-19.2454
+1.6395,-19.3664
+1.6399,-19.2137
+1.6409,-19.0435
+1.6412,-18.6333
+1.6414,-18.6537
+1.6416,-18.0951
+1.6419,-17.5316
+1.6424,-17.0959
+1.6427,-16.2715
+1.6431,-15.9583
+1.6435,-15.6892
+1.6439,-15.2135
+1.6444,-14.981
+1.6447,-14.6375
+1.6451,-14.0004
+1.6455,-13.5191
+1.6459,-13.0769
+1.6464,-12.6552
+1.647,-12.2962
+1.6473,-11.9442
+1.6477,-11.6079
+1.648,-11.5142
+1.6485,-11.1938
+1.6489,-10.8225
+1.6491,-10.5875
+1.6495,-10.4187
+1.6499,-10.4671
+1.6504,-10.2303
+1.6507,-9.97871
+1.6511,-9.62151
+1.6515,-9.23852
+1.652,-8.84704
+1.6524,-8.6177
+1.6527,-8.36861
+1.6531,-7.80031
+1.6535,-7.44437
+1.6539,-6.65262
+1.6544,-6.00213
+1.6547,-5.36432
+1.6551,-4.67414
+1.6555,-3.69344
+1.6559,-2.7607
+1.6564,-1.55198
+1.6567,-0.207635
+1.6571,+0.966854
+1.6575,+2.71965
+1.6579,+4.16735
+1.6584,+5.92352
+1.6587,+7.95595
+1.6591,+9.99879
+1.6595,+12.1206
+1.66,+14.7521
+1.6604,+17.0932
+1.6607,+19.8672
+1.6611,+22.5018
+1.6615,+24.8047
+1.6619,+27.2127
+1.6624,+29.6758
+1.6627,+31.4478
+1.6632,+33.281
+1.6636,+34.5898
+1.664,+35.3199
+1.6642,+36.2416
+1.6645,+36.3428
+1.6648,+36.5263
+1.6652,+36.121
+1.6655,+35.7157
+1.666,+34.6991
+1.6664,+33.9946
+1.6667,+32.7401
+1.6672,+31.5665
+1.6674,+30.4485
+1.6675,+28.962
+1.6679,+27.5575
+1.6684,+26.1478
+1.6687,+25.0852
+1.6691,+23.9258
+1.6695,+22.9623
+1.6699,+21.8111
+1.6704,+21.1213
+1.6707,+20.2937
+1.6711,+19.6168
+1.6716,+19.1112
+1.6719,+18.7887
+1.6724,+18.1466
+1.6727,+17.6829
+1.6731,+17.1871
+1.6735,+16.6082
+1.6739,+16.1699
+1.6744,+15.462
+1.6747,+14.7841
+1.6751,+13.8844
+1.6755,+12.9377
+1.6759,+11.8828
+1.6764,+10.7042
+1.6767,+9.18649
+1.6771,+7.46963
+1.6775,+5.65138
+1.6779,+3.73651
+1.6784,+1.50527
+1.6787,-0.513824
+1.6791,-2.41399
+1.6795,-4.33829
+1.6799,-6.19748
+1.6804,-7.68438
+1.6807,-9.07251
+1.6811,-10.1929
+1.6815,-11.0698
+1.6819,-11.8067
+1.6824,-12.1235
+1.6827,-12.1875
+1.6831,-12.6918
+1.6835,-13.0511
+1.6839,-13.3691
+1.6844,-13.7454
+1.6847,-14.0244
+1.6851,-14.0157
+1.6855,-13.8754
+1.6859,-13.8177
+1.6864,-13.9737
+1.6867,-14.1644
+1.6871,-14.172
+1.6875,-13.9581
+1.6879,-13.6744
+1.6884,-13.7047
+1.6887,-13.277
+1.6891,-13.2946
+1.6895,-13.0603
+1.6899,-12.978
+1.6904,-12.632
+1.6907,-12.465
+1.6911,-11.8393
+1.6915,-11.5145
+1.6919,-11.1131
+1.6924,-10.1541
+1.6927,-9.43254
+1.6931,-8.42485
+1.6935,-7.82319
+1.6939,-6.96961
+1.6944,-6.08158
+1.6947,-5.16481
+1.6951,-4.45158
+1.6955,-3.59823
+1.6959,-3.19349
+1.6964,-2.69885
+1.6967,-2.30367
+1.6971,-2.11279
+1.6975,-1.93223
+1.6977,-2.00154
+1.6979,-2.19057
+1.6984,-2.48948
+1.6987,-2.81632
+1.6991,-3.27764
+1.6995,-3.51726
+1.6999,-4.16207
+1.7004,-4.91861
+1.7007,-5.56344
+1.7011,-6.33467
+1.7015,-7.0615
+1.702,-7.69215
+1.7024,-8.63765
+1.7027,-9.32963
+1.7031,-10.3283
+1.7035,-11.3048
+1.7039,-12.3633
+1.7044,-13.0011
+1.7047,-14.3901
+1.7051,-15.4626
+1.7055,-16.9562
+1.7059,-18.3327
+1.7064,-19.8358
+1.7067,-21.3452
+1.7071,-22.6891
+1.7075,-24.1464
+1.7079,-25.5349
+1.7084,-27.1667
+1.7087,-28.5321
+1.7091,-30.0539
+1.7095,-31.1284
+1.7099,-32.3508
+1.7104,-33.178
+1.7107,-34.1391
+1.7111,-34.1532
+1.7115,-34.884
+1.7119,-35.5037
+1.7124,-36.3391
+1.7127,-36.6675
+1.7131,-37.0126
+1.7135,-37.1084
+1.7139,-37.4418
+1.7144,-37.2024
+1.7147,-37.2024
+1.7151,-38.0439
+1.7155,-38.0281
+1.7159,-37.929
+1.7164,-37.3861
+1.7167,-37.0413
+1.7171,-36.5474
+1.7175,-36.0675
+1.7179,-35.3228
+1.7184,-35.0727
+1.7187,-34.3811
+1.7191,-33.018
+1.7195,-32.1141
+1.7199,-31.2766
+1.7204,-30.7047
+1.7207,-29.3676
+1.7211,-28.0655
+1.7215,-26.9449
+1.7219,-25.6982
+1.7224,-24.4914
+1.7227,-23.1203
+1.7231,-22.2647
+1.7235,-21.0628
+1.7239,-19.7403
+1.7244,-18.3031
+1.7247,-17.3076
+1.7251,-16.3545
+1.7255,-15.2623
+1.7259,-14.2824
+1.7264,-13.0476
+1.7267,-12.1116
+1.7271,-11.3501
+1.7275,-10.4497
+1.7279,-9.50828
+1.7284,-8.69157
+1.7287,-7.99488
+1.7291,-7.35423
+1.7295,-6.73355
+1.7299,-6.2317
+1.7304,-5.89799
+1.7307,-5.42895
+1.7311,-4.89388
+1.7315,-4.44376
+1.7319,-3.98231
+1.7325,-3.79234
+1.7328,-3.66776
+1.7331,-3.4526
+1.7335,-3.39631
+1.7339,-3.16699
+1.7344,-2.96614
+1.7348,-2.96085
+1.7351,-2.83526
+1.7355,-2.77638
+1.7359,-2.9395
+1.7364,-2.86675
+1.7368,-2.69867
+1.7371,-2.54458
+1.7375,-2.20339
+1.7379,-1.87691
+1.7384,-1.61985
+1.7387,-1.21066
+1.7391,-0.908865
+1.7395,-0.368388
+1.7399,-0.00252167
+1.7404,+0.590632
+1.7408,+1.03222
+1.7411,+1.3635
+1.7415,+1.67046
+1.7419,+1.80628
+1.7424,+2.17149
+1.7433,+1.90953
+1.7436,+1.70705
+1.7438,+1.06843
+1.7441,+0.825366
+1.7444,+0.381138
+1.7447,-0.0843311
+1.7451,-0.713381
+1.7455,-1.19273
+1.7459,-1.89718
+1.7464,-2.75692
+1.7467,-3.3779
+1.7471,-4.00842
+1.7475,-4.22494
+1.7479,-4.70425
+1.7484,-5.2131
+1.7488,-5.58832
+1.7491,-6.14497
+1.7495,-6.71372
+1.7499,-6.99157
+1.7504,-7.32557
+1.7508,-7.41506
+1.7511,-7.47077
+1.7515,-7.59629
+1.7519,-7.55188
+1.7524,-7.62618
+1.7528,-7.67039
+1.7531,-7.26205
+1.7535,-6.87671
+1.7539,-6.40927
+1.7544,-5.87587
+1.7547,-5.43161
+1.7551,-4.8191
+1.7555,-4.42835
+1.7559,-3.7873
+1.7564,-3.28564
+1.7567,-2.93332
+1.7571,-2.59123
+1.7575,-2.49431
+1.7579,-2.53232
+1.7584,-2.87658
+1.7587,-2.99871
+1.7591,-3.62821
+1.7595,-4.24681
+1.7599,-5.23735
+1.7604,-6.22326
+1.7607,-7.39352
+1.7611,-8.95626
+1.7615,-10.4616
+1.7619,-12.2841
+1.7624,-14.0368
+1.7627,-16.3014
+1.7632,-18.481
+1.7635,-20.8463
+1.7639,-23.2601
+1.7644,-25.5836
+1.7647,-27.4607
+1.7651,-29.8021
+1.7655,-31.8728
+1.7659,-34.2316
+1.7664,-36.6556
+1.7667,-38.3741
+1.7671,-39.5957
+1.7675,-40.4823
+1.7679,-41.8325
+1.7684,-42.1329
+1.7688,-42.6904
+1.7691,-42.5115
+1.7695,-42.5903
+1.7699,-41.708
+1.7704,-40.4328
+1.7707,-39.4442
+1.7711,-38.8567
+1.7715,-37.8067
+1.7719,-36.0468
+1.7724,-34.896
+1.7727,-33.6432
+1.7731,-32.0064
+1.7735,-30.2833
+1.7739,-28.4516
+1.7744,-26.631
+1.7747,-24.7013
+1.7751,-22.3498
+1.7755,-20.1827
+1.7759,-17.9204
+1.7764,-15.9553
+1.7768,-13.5978
+1.7771,-11.5967
+1.7775,-9.35833
+1.7779,-7.20881
+1.7784,-5.25216
+1.7789,-3.44032
+1.7791,-1.45981
+1.7795,+0.477637
+1.7799,+2.41062
+1.7802,+4.74685
+1.7807,+7.06039
+1.7811,+9.52038
+1.7815,+11.9565
+1.7819,+14.3737
+1.7824,+16.9139
+1.7827,+19.8009
+1.7831,+22.5453
+1.7835,+25.2554
+1.7839,+27.8191
+1.7844,+30.5989
+1.7847,+32.8493
+1.7851,+35.2359
+1.7855,+38.0982
+1.7859,+40.3296
+1.7864,+42.8015
+1.7867,+45.2072
+1.7871,+47.8461
+1.7875,+49.9866
+1.7879,+52.2244
+1.7884,+54.1076
+1.7887,+56.1094
+1.7891,+57.9182
+1.7895,+59.0756
+1.7899,+60.5516
+1.7904,+61.3632
+1.7907,+61.7604
+1.7911,+61.541
+1.7915,+61.2719
+1.7919,+60.5526
+1.7924,+59.3967
+1.7928,+58.0354
+1.7931,+55.9385
+1.7936,+53.4714
+1.7939,+50.773
+1.7944,+48.0666
+1.7947,+44.9011
+1.7951,+43.1213
+1.7955,+39.9887
+1.7959,+36.633
+1.7964,+33.1558
+1.7966,+29.466
+1.7968,+25.8233
+1.7971,+21.9722
+1.7975,+17.9604
+1.7979,+13.7937
+1.7984,+9.93451
+1.7987,+5.86072
+1.7991,+1.44173
+1.7995,-2.87305
+1.7999,-7.15497
+1.8004,-11.128
+1.8007,-15.0391
+1.8011,-18.7128
+1.8015,-22.0657
+1.8019,-24.9755
+1.8024,-27.7407
+1.8027,-30.1613
+1.8031,-32.6795
+1.8035,-34.1592
+1.8039,-35.945
+1.8044,-37.2467
+1.8048,-37.9803
+1.8051,-38.4522
+1.8055,-38.6575
+1.8059,-38.6935
+1.8064,-38.5764
+1.8067,-38.6704
+1.8071,-37.4524
+1.8075,-37.3134
+1.8079,-36.4638
+1.8084,-35.8652
+1.8088,-35.1887
+1.8091,-35.0226
+1.8095,-33.9322
+1.8099,-32.8828
+1.8104,-31.7535
+1.8107,-30.2049
+1.8111,-29.2124
+1.8115,-27.8983
+1.8119,-26.5394
+1.8124,-25.0858
+1.8128,-23.245
+1.8131,-20.7651
+1.8135,-18.9034
+1.8139,-17.0506
+1.8144,-15.1986
+1.8147,-12.9477
+1.8151,-10.9712
+1.8155,-8.70363
+1.8159,-6.48693
+1.8164,-4.27854
+1.8168,-2.49508
+1.8171,-0.623146
+1.8175,+1.11424
+1.8179,+2.94552
+1.8184,+4.74448
+1.8187,+6.33459
+1.8191,+8.16532
+1.8195,+9.85795
+1.8199,+11.5959
+1.8204,+13.1843
+1.8207,+14.7534
+1.8211,+16.0437
+1.8215,+17.2868
+1.8219,+18.4476
+1.8224,+19.5579
+1.8227,+20.5064
+1.8231,+21.3574
+1.8235,+22.2507
+1.824,+22.9095
+1.8244,+23.5152
+1.8248,+23.9916
+1.8251,+24.382
+1.8255,+24.3986
+1.8259,+24.1282
+1.8264,+23.682
+1.8267,+22.9828
+1.8271,+22.0009
+1.8275,+20.646
+1.8279,+19.2822
+1.8284,+17.5478
+1.8287,+15.5074
+1.8291,+13.1781
+1.8295,+10.6194
+1.8299,+8.21344
+1.8302,+5.15902
+1.8308,+2.49528
+1.8311,-0.497489
+1.8315,-3.4246
+1.8319,-6.50671
+1.8323,-9.39181
+1.8328,-12.8376
+1.8331,-15.6954
+1.8335,-18.6861
+1.8339,-21.4403
+1.8344,-23.4169
+1.8347,-25.8282
+1.8351,-27.6311
+1.8355,-29.5794
+1.8359,-31.8007
+1.8364,-33.3441
+1.8367,-34.8391
+1.8371,-35.6702
+1.8375,-36.985
+1.8379,-38.345
+1.8384,-39.6703
+1.8387,-40.9776
+1.8391,-42.3453
+1.8395,-43.357
+1.8399,-43.6712
+1.8402,-44.6162
+1.8408,-44.7067
+1.8411,-45.5461
+1.8415,-45.2533
+1.8419,-44.9958
+1.8424,-44.6873
+1.8427,-44.2223
+1.8431,-43.4663
+1.8435,-42.249
+1.844,-41.0874
+1.8444,-39.6321
+1.8448,-38.0309
+1.8457,-36.3813
+1.8459,-34.5696
+1.8461,-32.6631
+1.8464,-30.4275
+1.8467,-27.9951
+1.8471,-25.4631
+1.8475,-22.8885
+1.8479,-20.2544
+1.8484,-17.2624
+1.8488,-14.0776
+1.8491,-10.8122
+1.8495,-7.14816
+1.8499,-3.45766
+1.8504,+0.170602
+1.8508,+4.10117
+1.8511,+8.29273
+1.8515,+12.243
+1.8519,+16.3753
+1.8522,+20.179
+1.8528,+23.9001
+1.8531,+27.8426
+1.8535,+31.242
+1.8539,+34.5765
+1.8544,+37.539
+1.8547,+40.0319
+1.8551,+41.7825
+1.8555,+43.4474
+1.8559,+44.4169
+1.8564,+44.8123
+1.8567,+44.5911
+1.8571,+43.605
+1.8575,+42.1738
+1.8579,+40.0845
+1.8582,+37.5489
+1.8588,+34.7348
+1.8591,+31.4539
+1.8595,+27.5989
+1.8599,+23.6164
+1.8602,+19.5457
+1.8608,+15.5317
+1.8611,+11.4322
+1.8615,+7.15986
+1.8619,+2.98644
+1.8623,-1.0607
+1.8627,-5.26724
+1.8631,-9.09536
+1.8635,-12.9282
+1.8639,-16.5265
+1.8642,-19.5469
+1.8648,-22.4429
+1.8651,-25.2747
+1.8655,-27.7577
+1.8659,-29.7912
+1.8664,-31.6653
+1.8668,-33.5616
+1.8671,-34.7571
+1.8675,-35.8014
+1.8679,-36.321
+1.8682,-37.2856
+1.8688,-37.9816
+1.8691,-38.9084
+1.8695,-38.9629
+1.8699,-39.1042
+1.8702,-39.1216
+1.8707,-38.7023
+1.8711,-38.6414
+1.8715,-38.1181
+1.8719,-38.0089
+1.8722,-37.1034
+1.8728,-36.723
+1.8731,-35.7742
+1.8735,-35.3363
+1.8739,-34.5889
+1.8744,-33.8724
+1.8748,-32.4059
+1.8751,-31.0334
+1.8755,-29.2355
+1.8759,-27.3721
+1.8764,-25.881
+1.8768,-23.5803
+1.8771,-21.003
+1.8775,-18.5468
+1.8779,-16.0124
+1.8783,-12.942
+1.8787,-10.5003
+1.8791,-7.81761
+1.8795,-5.44869
+1.8799,-2.74202
+1.8802,+0.118672
+1.8808,+2.89183
+1.8811,+5.61042
+1.8815,+8.31789
+1.8819,+10.9336
+1.8822,+13.4822
+1.8828,+16.0201
+1.8831,+18.609
+1.8835,+20.9449
+1.8839,+23.1226
+1.8843,+25.0635
+1.8849,+26.7982
+1.8851,+28.056
+1.8855,+29.2139
+1.8859,+29.8157
+1.8862,+29.8195
+1.8868,+29.4658
+1.8871,+28.4754
+1.8875,+27.0714
+1.8879,+25.1236
+1.8882,+22.9637
+1.8888,+20.4555
+1.8891,+17.9323
+1.8895,+14.8072
+1.8899,+11.9825
+1.8902,+8.88726
+1.8908,+5.90238
+1.8911,+2.9497
+1.8915,+0.282558
+1.8919,-2.31281
+1.8923,-4.75103
+1.8928,-7.16187
+1.8931,-9.30208
+1.8935,-10.8396
+1.8939,-12.6207
+1.8943,-13.7779
+1.8948,-14.7612
+1.8951,-15.7174
+1.8955,-16.516
+1.8959,-17.0537
+1.8962,-17.7059
+1.8968,-18.1247
+1.8971,-18.6197
+1.8975,-19.3144
+1.8979,-19.77
+1.8983,-20.4815
+1.8988,-21.167
+1.8991,-21.6205
+1.8995,-22.2364
+1.8999,-22.7935
+1.9002,-23.1968
+1.9008,-23.4762
+1.9011,-23.792
+1.9015,-23.9427
+1.9019,-24.2009
+1.9023,-24.1117
+1.9028,-23.7983
+1.9031,-23.342
+1.9035,-23.0174
+1.9039,-22.2303
+1.9043,-21.6173
+1.9048,-20.452
+1.9051,-19.0946
+1.9055,-17.4203
+1.9059,-15.4666
+1.9063,-13.5489
+1.9068,-11.6661
+1.9071,-9.57389
+1.9075,-7.2193
+1.9079,-5.02278
+1.9084,-2.46733
+1.9088,-0.152035
+1.9091,+2.31546
+1.9095,+4.58503
+1.9099,+6.9405
+1.9103,+9.12719
+1.9108,+11.0325
+1.9111,+12.6184
+1.9115,+14.1463
+1.9119,+15.2686
+1.9123,+16.1977
+1.9128,+16.6071
+1.9131,+16.5009
+1.9135,+16.0926
+1.9139,+15.0911
+1.9143,+13.965
+1.9148,+12.8015
+1.9151,+10.9915
+1.9155,+9.20691
+1.9159,+6.96952
+1.9163,+4.37644
+1.9168,+2.00909
+1.9171,-0.434319
+1.9175,-3.04304
+1.9179,-5.4983
+1.9183,-8.17254
+1.9188,-10.9838
+1.9191,-13.6322
+1.9195,-16.6814
+1.9199,-19.8007
+1.9202,-22.3726
+1.9208,-25.1049
+1.9211,-27.9523
+1.9215,-30.5345
+1.9219,-33.2351
+1.9223,-35.7089
+1.9228,-38.1723
+1.9231,-40.266
+1.9235,-41.9694
+1.9239,-43.1874
+1.9243,-44.2377
+1.9248,-45.2312
+1.9251,-45.5055
+1.9255,-45.5822
+1.9259,-45.8353
+1.9263,-45.4556
+1.9268,-44.6153
+1.9271,-43.1432
+1.9275,-41.5561
+1.9279,-39.2873
+1.9283,-37.1389
+1.9288,-35.0238
+1.9291,-32.6003
+1.9295,-29.6649
+1.9299,-25.7275
+1.9302,-22.3212
+1.9308,-18.4033
+1.9311,-14.6767
+1.9315,-10.6649
+1.9319,-7.09105
+1.9323,-3.36251
+1.9328,+0.561764
+1.9331,+4.14971
+1.9335,+7.18752
+1.9339,+9.77071
+1.9343,+12.4224
+1.9348,+14.4217
+1.9351,+16.0721
+1.9355,+17.4173
+1.9359,+18.6346
+1.9363,+19.4024
+1.9368,+19.848
+1.9371,+20.0524
+1.9375,+20.159
+1.9379,+20.1783
+1.9382,+20.3523
+1.9388,+20.2993
+1.9391,+20.2665
+1.9395,+20.1881
+1.9399,+20.4004
+1.9403,+20.6405
+1.9408,+21.2873
+1.9411,+21.9746
+1.9415,+22.956
+1.9419,+23.847
+1.9423,+24.9258
+1.9428,+26.3514
+1.9431,+27.9122
+1.9435,+29.6472
+1.9439,+31.413
+1.9443,+33.3401
+1.9448,+34.8402
+1.9451,+36.4641
+1.9455,+38.019
+1.9459,+39.567
+1.9463,+40.4202
+1.9468,+40.9414
+1.9471,+41.1235
+1.9481,+41.0561
+1.9483,+40.2367
+1.9488,+39.0664
+1.9491,+37.5457
+1.9495,+35.3788
+1.9499,+32.7559
+1.9503,+29.5957
+1.9508,+26.2777
+1.9511,+22.5538
+1.9515,+18.3988
+1.9519,+13.9833
+1.9523,+9.53938
+1.9528,+5.00603
+1.9531,+0.770282
+1.9535,-3.63686
+1.9539,-8.20197
+1.9542,-12.3145
+1.9547,-16.2348
+1.9551,-20.1103
+1.9555,-23.4389
+1.9559,-26.7229
+1.9563,-30.0506
+1.9568,-32.599
+1.9571,-35.3152
+1.9575,-37.1235
+1.9579,-38.8239
+1.9583,-39.9041
+1.9588,-40.8056
+1.9591,-41.3137
+1.9595,-41.0934
+1.9599,-40.6331
+1.9602,-39.8114
+1.9608,-39.3098
+1.9611,-37.845
+1.9615,-36.3708
+1.9619,-34.6081
+1.9623,-32.8027
+1.9628,-30.875
+1.9631,-28.6249
+1.9635,-26.858
+1.9639,-25.0268
+1.9643,-22.6844
+1.9648,-20.194
+1.9651,-18.237
+1.9655,-15.8028
+1.9659,-13.2395
+1.9663,-10.7585
+1.9668,-7.97858
+1.9671,-4.85275
+1.9675,-1.35309
+1.9679,+2.51709
+1.9683,+6.62416
+1.9688,+11.0177
+1.9691,+15.8161
+1.9695,+20.5132
+1.9699,+25.9493
+1.9703,+31.4058
+1.9708,+36.456
+1.9711,+40.9401
+1.9715,+44.7611
+1.9719,+47.8879
+1.9723,+50.1353
+1.9728,+51.699
+1.9731,+51.8415
+1.9735,+50.5965
+1.9739,+47.8474
+1.9743,+43.8045
+1.9748,+39.1309
+1.9751,+33.8015
+1.9755,+27.9125
+1.976,+21.9561
+1.9764,+15.8322
+1.9768,+9.1087
+1.9771,+2.88064
+1.9775,-2.94878
+1.9779,-8.50327
+1.9783,-13.3371
+1.9788,-17.6515
+1.9791,-21.4495
+1.9795,-24.8573
+1.9799,-28.1612
+1.9803,-30.0379
+1.9806,-31.4406
+1.9812,-32.8386
+1.9815,-33.794
+1.9819,-34.2119
+1.9823,-34.1618
+1.9828,-33.8314
+1.9831,-33.157
+1.9835,-31.9063
+1.9839,-30.2712
+1.9843,-29.33
+1.9848,-27.9587
+1.9851,-25.6205
+1.9855,-22.8859
+1.9859,-19.9571
+1.9863,-16.9109
+1.9868,-13.8383
+1.9871,-10.2621
+1.9875,-6.53431
+1.9879,-2.67979
+1.9883,+1.42592
+1.9888,+5.876
+1.9891,+10.4542
+1.9895,+15.2162
+1.9899,+20.0162
+1.9903,+24.7944
+1.9908,+29.6499
+1.9911,+34.718
+1.9915,+39.751
+1.9919,+44.9591
+1.9923,+50.1072
+1.9928,+54.2701
+1.9931,+59.0903
+1.9935,+63.4505
+1.9939,+67.6523
+1.9943,+70.6413
+1.9948,+73.8566
+1.9951,+80.137
+1.9955,+81.7013
+1.996,+81.3729
+1.9964,+79.9569
+1.9968,+77.9888
+1.9971,+74.4034
+1.9975,+70.0348
+1.9979,+64.6503
+1.9983,+59.4588
+1.9985,+53.1437
+1.9988,+46.5742
+1.9991,+39.1147
+1.9995,+32.4971
+1.9999,+25.8998
+2.0003,+19.5558
+2.0008,+12.884
+2.0011,+6.12369
+2.0015,-0.54813
+2.0019,-7.1167
+2.0023,-13.3056
+2.0028,-19.3481
+2.0031,-24.2413
+2.0035,-29.1075
+2.0039,-33.4982
+2.0043,-37.428
+2.0046,-40.6876
+2.0051,-43.5606
+2.0055,-45.8525
+2.0059,-47.5312
+2.0063,-48.7482
+2.0068,-49.4301
+2.0071,-50.056
+2.0075,-50.2669
+2.0079,-50.0998
+2.0083,-49.599
+2.0088,-48.939
+2.0091,-47.5533
+2.0095,-45.8688
+2.0099,-44.0552
+2.0103,-42.4592
+2.0108,-40.1981
+2.0111,-38.042
+2.0115,-35.575
+2.0119,-33.096
+2.0123,-30.6967
+2.0128,-28.2222
+2.0132,-25.7475
+2.0135,-23.1024
+2.0139,-20.5207
+2.0143,-17.6813
+2.0148,-15.0723
+2.0151,-12.0898
+2.0155,-9.00696
+2.0159,-5.93808
+2.0163,-2.83403
+2.0168,+0.227516
+2.0171,+3.30197
+2.0175,+6.24264
+2.0179,+9.25532
+2.0183,+12.4536
+2.0188,+15.4623
+2.0191,+18.4272
+2.0195,+21.2945
+2.0199,+24.1275
+2.0203,+27.3448
+2.0208,+30.6124
+2.0211,+33.3329
+2.0215,+36.2443
+2.0219,+39.3249
+2.0223,+41.7366
+2.0228,+44.6248
+2.0231,+47.5164
+2.0235,+49.7996
+2.0239,+52.4971
+2.0243,+54.2717
+2.0248,+55.9969
+2.0251,+57.5293
+2.0255,+58.4694
+2.0259,+58.424
+2.0264,+58.4901
+2.0268,+57.7245
+2.0271,+55.9883
+2.0275,+54.0442
+2.0279,+50.9946
+2.0283,+48.1377
+2.0287,+44.4648
+2.0291,+40.7284
+2.0295,+36.8076
+2.0299,+32.954
+2.0304,+28.9794
+2.0306,+24.5079
+2.0309,+20.4819
+2.0311,+16.3574
+2.0315,+12.3601
+2.0319,+8.02171
+2.0323,+4.23743
+2.0328,+0.678745
+2.0331,-2.67726
+2.0335,-5.67483
+2.0339,-8.90145
+2.0343,-11.2681
+2.0348,-13.4415
+2.0351,-14.9157
+2.0355,-15.3567
+2.0359,-15.4641
+2.0363,-15.2833
+2.0368,-14.5369
+2.0371,-13.4381
+2.0375,-12.3481
+2.0379,-10.1949
+2.0383,-8.35231
+2.0388,-6.33108
+2.0391,-3.82141
+2.0395,-1.73002
+2.0399,+0.914308
+2.0403,+3.55914
+2.0408,+5.9694
+2.0411,+8.48757
+2.0415,+11.4491
+2.0419,+14.266
+2.0423,+17.2041
+2.0428,+20.4749
+2.0431,+23.2157
+2.0435,+26.22
+2.0439,+29.2282
+2.0443,+31.958
+2.0447,+34.5971
+2.0452,+37.0735
+2.0455,+39.4762
+2.0459,+41.5902
+2.0463,+43.653
+2.0468,+45.2576
+2.0471,+46.9335
+2.0475,+47.985
+2.0479,+48.7136
+2.0483,+49.5365
+2.0488,+49.875
+2.0491,+49.7512
+2.0495,+49.4816
+2.0505,+48.7019
+2.0507,+47.8447
+2.051,+46.706
+2.0512,+45.3666
+2.0515,+43.9159
+2.0519,+42.0489
+2.0523,+39.9956
+2.0526,+38.1678
+2.0531,+36.0048
+2.0535,+33.6176
+2.0539,+31.1612
+2.0543,+28.5881
+2.0548,+25.9515
+2.0551,+22.9371
+2.0555,+19.791
+2.0559,+16.9634
+2.0563,+13.8709
+2.0568,+10.7763
+2.0571,+7.69401
+2.0575,+4.45431
+2.0579,+1.36763
+2.0583,-1.2825
+2.0588,-4.43769
+2.0591,-7.1447
+2.0595,-9.47376
+2.0599,-11.7462
+2.0603,-13.8812
+2.0606,-16.013
+2.0611,-17.537
+2.0615,-19.0037
+2.0619,-20.1777
+2.0623,-21.6597
+2.0628,-22.1587
+2.0631,-22.4551
+2.0635,-22.8467
+2.0639,-23.0511
+2.0643,-22.8996
+2.0646,-22.9301
+2.0651,-22.9476
+2.0655,-22.6739
+2.0659,-21.8085
+2.0663,-21.365
+2.0668,-20.9429
+2.0671,-20.6118
+2.0675,-20.0713
+2.0679,-19.0781
+2.0683,-17.9344
+2.0686,-16.4015
+2.0691,-14.863
+2.0695,-13.3235
+2.0699,-12.2305
+2.0703,-10.4025
+2.0706,-8.5626
+2.0711,-6.40857
+2.0715,-3.93094
+2.0719,-1.87551
+2.0723,+0.185794
+2.0728,+2.6155
+2.0731,+5.28517
+2.0735,+8.30516
+2.0739,+11.5268
+2.0743,+14.7331
+2.0746,+18.2106
+2.0751,+21.3475
+2.0755,+24.5854
+2.0759,+27.5066
+2.0763,+30.6024
+2.0766,+33.5754
+2.0771,+36.336
+2.0775,+38.7957
+2.0779,+41.0785
+2.0783,+43.367
+2.0788,+45.5015
+2.0791,+47.588
+2.0795,+48.8461
+2.0799,+50.1752
+2.0803,+51.5005
+2.0806,+51.8475
+2.0811,+52.1
+2.0815,+52.0442
+2.0819,+51.929
+2.0823,+51.4358
+2.0826,+50.1121
+2.0831,+48.6656
+2.0835,+47.3394
+2.0839,+45.7018
+2.0843,+43.493
+2.0846,+41.5046
+2.0851,+39.3927
+2.0855,+37.2773
+2.0859,+34.7924
+2.0863,+32.1184
+2.0868,+29.5468
+2.0871,+26.9766
+2.0875,+24.3205
+2.0879,+21.7468
+2.0883,+19.1829
+2.0886,+16.7059
+2.0891,+14.1833
+2.0895,+11.6109
+2.0899,+8.89443
+2.0903,+6.30402
+2.0906,+3.76986
+2.0911,+1.10616
+2.0915,-1.66115
+2.0919,-4.40152
+2.0923,-7.28078
+2.0926,-10.248
+2.0931,-13.1238
+2.0935,-16.1117
+2.0939,-18.8495
+2.0943,-21.495
+2.0946,-24.0229
+2.0951,-26.284
+2.0955,-28.2787
+2.0959,-30.6453
+2.0963,-32.644
+2.0966,-34.2033
+2.0973,-35.6609
+2.0975,-36.5964
+2.0979,-37.0754
+2.0983,-37.3664
+2.0986,-37.0978
+2.0991,-36.4865
+2.0995,-35.421
+2.0999,-33.7464
+2.1003,-31.7007
+2.1006,-29.526
+2.1011,-27.041
+2.1015,-24.4967
+2.1019,-21.7546
+2.1023,-18.8962
+2.1026,-15.9515
+2.1031,-13.0164
+2.1035,-10.2582
+2.1039,-7.1289
+2.1043,-4.17563
+2.1046,-1.09773
+2.1051,+1.95301
+2.1055,+5.10005
+2.1059,+7.86468
+2.1063,+10.6324
+2.1068,+13.0659
+2.1071,+15.5068
+2.1075,+17.821
+2.1079,+20.149
+2.1083,+22.2378
+2.1086,+23.9884
+2.1091,+25.5914
+2.1095,+27.0075
+2.1099,+28.4416
+2.1103,+29.7578
+2.1106,+31.1399
+2.1111,+32.1879
+2.1115,+33.2078
+2.1119,+33.9719
+2.1123,+34.599
+2.1126,+35.1822
+2.1131,+35.6753
+2.1135,+35.9864
+2.1139,+35.8508
+2.1143,+35.529
+2.1146,+34.8393
+2.1151,+34.0082
+2.1155,+32.6616
+2.1159,+31.0606
+2.1163,+29.1279
+2.1166,+27.0566
+2.1171,+24.4938
+2.1175,+21.4973
+2.1179,+18.6022
+2.1183,+15.4441
+2.1186,+12.0585
+2.1191,+8.85075
+2.1195,+5.3375
+2.1199,+1.88853
+2.1203,-1.42265
+2.1206,-4.68093
+2.1211,-7.59646
+2.1215,-10.0652
+2.1219,-12.447
+2.1223,-14.3593
+2.1226,-15.7754
+2.1231,-17.3973
+2.1235,-18.2804
+2.1239,-18.9659
+2.1243,-19.3521
+2.1246,-19.5152
+2.1251,-19.3875
+2.1255,-18.9037
+2.1259,-18.3325
+2.1263,-17.7435
+2.1266,-16.911
+2.1271,-15.9962
+2.1275,-14.6351
+2.128,-13.1654
+2.1283,-11.6679
+2.1286,-10.0162
+2.1291,-8.36728
+2.1295,-6.73278
+2.1299,-4.86385
+2.1303,-3.00995
+2.1306,-1.47215
+2.1311,+0.5576
+2.1315,+2.22297
+2.1319,+3.85126
+2.1323,+5.66794
+2.1326,+7.27742
+2.1331,+8.60989
+2.1335,+9.81773
+2.1339,+10.6661
+2.1343,+11.5358
+2.1346,+12.2122
+2.1351,+12.467
+2.1355,+12.592
+2.1359,+12.4758
+2.1363,+11.8826
+2.1366,+11.3376
+2.1371,+10.903
+2.1376,+10.1476
+2.1378,+9.33016
+2.138,+8.22713
+2.1383,+7.14173
+2.1386,+6.0481
+2.1391,+4.95822
+2.1395,+3.81249
+2.1399,+2.6805
+2.1403,+1.44245
+2.1406,+0.123669
+2.1411,-0.767591
+2.1415,-1.83212
+2.1419,-2.26287
+2.1423,-2.54814
+2.1426,-2.87345
+2.1431,-2.96483
+2.1435,-2.83015
+2.1439,-2.439
+2.1443,-1.81294
+2.1446,-1.07965
+2.1451,-0.22438
+2.1455,+1.16499
+2.1459,+2.10676
+2.1463,+3.26933
+2.1466,+4.68519
+2.1471,+6.2113
+2.1475,+7.9661
+2.1479,+9.71065
+2.1483,+11.5947
+2.1486,+13.7953
+2.1491,+15.7453
+2.1495,+17.7468
+2.1499,+20.1314
+2.1503,+22.3334
+2.1506,+24.8368
+2.1511,+26.9254
+2.1515,+28.92
+2.1519,+30.9598
+2.1529,+32.6188
+2.1531,+34.0464
+2.1533,+35.3443
+2.1535,+36.3339
+2.1539,+36.8562
+2.1543,+37.216
+2.1546,+36.7834
+2.1551,+36.2874
+2.1555,+35.3001
+2.1559,+33.8966
+2.1563,+32.2907
+2.1566,+29.064
+2.1571,+25.7353
+2.1575,+22.2041
+2.1579,+18.2674
+2.1596,+14.0709
+2.1599,+9.99096
+2.16,+5.92191
+2.1604,+1.86604
+2.1607,-2.35122
+2.1611,-5.9872
+2.1615,-8.92872
+2.1619,-11.95
+2.1623,-14.1625
+2.1626,-15.9715
+2.1631,-17.6166
+2.1635,-19.0407
+2.1639,-20.1748
+2.1643,-21.077
+2.1646,-21.4474
+2.1651,-21.9707
+2.1655,-21.5246
+2.1659,-20.6862
+2.1663,-20.411
+2.1666,-19.8154
+2.1671,-18.7548
+2.1675,-17.6862
+2.1679,-16.2593
+2.1683,-14.6742
+2.1686,-13.0369
+2.1691,-11.2882
+2.1695,-9.67793
+2.1699,-8.03184
+2.1703,-6.1584
+2.1707,-4.21483
+2.1709,-2.13798
+2.1711,+0.227153
+2.1715,+2.47974
+2.1719,+4.88466
+2.1723,+7.66337
+2.1726,+10.4297
+2.1731,+13.5331
+2.1735,+16.8138
+2.1739,+20.2178
+2.1743,+23.6664
+2.1746,+26.8115
+2.1751,+29.895
+2.1755,+32.5523
+2.1759,+34.8321
+2.1763,+36.8405
+2.1766,+38.2477
+2.1771,+39.2604
+2.1775,+39.3632
+2.1779,+39.0156
+2.1783,+38.2428
+2.1786,+36.9001
+2.1791,+35.18
+2.1795,+33.0769
+2.1799,+30.8644
+2.1803,+28.4315
+2.1806,+25.9469
+2.1811,+23.3701
+2.1815,+21.0018
+2.1819,+18.7619
+2.1823,+16.4115
+2.1826,+14.3938
+2.1831,+12.2908
+2.1835,+10.5854
+2.1839,+8.92088
+2.1843,+7.45615
+2.1846,+6.36286
+2.1852,+5.20668
+2.1855,+4.36657
+2.1859,+3.41957
+2.1863,+2.58465
+2.1869,+1.86108
+2.1873,+1.2848
+2.1875,+0.76188
+2.1879,+0.58937
+2.1883,+0.485308
+2.1886,+0.343562
+2.1891,+0.396501
+2.1895,+0.528022
+2.1899,+1.13896
+2.1903,+1.56877
+2.1906,+2.17842
+2.1912,+3.09384
+2.1917,+4.0937
+2.1919,+4.89859
+2.1923,+5.55825
+2.1926,+6.25067
+2.1931,+6.81308
+2.1935,+7.3211
+2.1939,+7.27653
+2.1943,+9.60883
+2.1946,+9.11012
+2.1951,+8.01306
+2.1955,+6.62928
+2.1959,+4.8784
+2.1963,+2.67262
+2.1966,+0.448627
+2.1971,-2.13518
+2.1975,-5.38719
+2.1979,-8.41271
+2.1983,-11.2235
+2.1986,-14.2958
+2.1991,-17.1137
+2.1995,-19.6938
+2.1999,-22.462
+2.2003,-24.9432
+2.2006,-27.6153
+2.2011,-30.326
+2.2015,-31.7572
+2.2019,-34.209
+2.2023,-35.696
+2.2026,-37.566
+2.2031,-38.8956
+2.2035,-40.6558
+2.2039,-41.82
+2.2043,-43.0674
+2.2046,-44.264
+2.2051,-44.8461
+2.2055,-46.0349
+2.2059,-45.8426
+2.2063,-46.2428
+2.2066,-45.8906
+2.2071,-45.6277
+2.2075,-44.594
+2.2079,-43.4034
+2.2083,-42.3522
+2.2086,-40.3873
+2.2091,-38.2839
+2.2095,-35.8911
+2.2099,-33.7056
+2.2104,-31.0594
+2.2107,-28.3162
+2.2111,-25.7149
+2.2115,-22.8819
+2.2119,-19.8847
+2.2123,-16.1308
+2.2126,-12.7644
+2.2131,-9.26416
+2.2135,-5.74668
+2.2139,-1.76578
+2.2143,+2.01041
+2.2146,+6.21308
+2.2151,+10.5193
+2.2155,+14.8423
+2.2159,+19.3179
+2.2163,+23.9099
+2.2166,+28.4973
+2.2171,+33.0452
+2.2175,+37.6717
+2.2179,+41.809
+2.2183,+46.0441
+2.2186,+49.9354
+2.2191,+53.6741
+2.2195,+56.7917
+2.2199,+59.4317
+2.2203,+61.1478
+2.2206,+61.9078
+2.2211,+62.396
+2.2215,+61.889
+2.2219,+60.7335
+2.2223,+58.8176
+2.2226,+56.1945
+2.2231,+52.8984
+2.2235,+48.9621
+2.2239,+44.4193
+2.2243,+39.7075
+2.2246,+35.4681
+2.2251,+30.5577
+2.2255,+25.6494
+2.226,+20.679
+2.2263,+15.7597
+2.2266,+10.8817
+2.2271,+6.11964
+2.2275,+1.56023
+2.2279,-2.55798
+2.2283,-6.52582
+2.2287,-10.7801
+2.2291,-15.0305
+2.2295,-19.2308
+2.2299,-22.3173
+2.2303,-26.0564
+2.2306,-29.6049
+2.2311,-32.7398
+2.2315,-34.904
+2.2319,-37.8354
+2.2323,-40.707
+2.2326,-42.4376
+2.2331,-43.6906
+2.2335,-45.444
+2.2339,-47.9748
+2.2343,-49.5606
+2.2346,-50.8472
+2.2351,-51.8736
+2.2355,-53.4476
+2.2359,-53.7092
+2.2363,-53.5749
+2.2366,-53.6379
+2.2371,-53.3106
+2.2375,-51.6587
+2.2379,-49.2414
+2.2383,-46.402
+2.2386,-43.131
+2.2391,-39.8518
+2.2395,-36.1434
+2.2399,-32.1963
+2.2404,-28.0539
+2.2407,-24.0872
+2.2411,-20.013
+2.2415,-15.4511
+2.2419,-11.1554
+2.2423,-6.95473
+2.2426,-2.86077
+2.2431,+1.31876
+2.2435,+5.85037
+2.2439,+10.0148
+2.2443,+14.1784
+2.2447,+18.3828
+2.2451,+22.7916
+2.2455,+26.5144
+2.2459,+30.2736
+2.2463,+34.188
+2.2466,+37.9729
+2.2471,+41.4479
+2.2475,+44.5844
+2.2479,+47.5394
+2.2483,+50.1138
+2.2486,+52.3651
+2.2491,+54.1412
+2.2495,+55.5894
+2.2499,+56.5796
+2.2503,+56.6506
+2.2506,+56.2111
+2.2511,+55.5548
+2.2515,+54.0432
+2.2519,+52.1253
+2.2523,+49.9471
+2.2527,+47.5853
+2.2531,+44.1788
+2.2535,+40.9332
+2.2539,+37.6976
+2.2543,+34.6365
+2.2553,+32.0036
+2.2556,+29.0566
+2.2558,+26.1552
+2.256,+23.352
+2.2563,+20.3711
+2.2566,+17.2401
+2.2571,+15.0939
+2.2575,+12.7548
+2.2579,+10.2348
+2.2583,+7.75209
+2.2586,+4.87685
+2.2591,+1.71261
+2.2595,-1.01747
+2.2599,-4.44086
+2.2603,-7.20763
+2.2606,-9.65191
+2.2611,-12.7675
+2.2615,-15.9416
+2.2619,-18.9957
+2.2623,-21.7928
+2.2626,-24.4506
+2.2631,-26.4551
+2.2635,-28.3619
+2.2639,-29.4347
+2.2643,-30.5229
+2.2646,-31.3511
+2.2651,-31.6465
+2.2655,-31.358
+2.2659,-30.7202
+2.2663,-29.9378
+2.2666,-28.6921
+2.2671,-27.8592
+2.2675,-26.283
+2.2679,-24.679
+2.2683,-23.4062
+2.2687,-22.1726
+2.2691,-21.1772
+2.2695,-20.1402
+2.2699,-19.1727
+2.2703,-18.4551
+2.2708,-18.4302
+2.2711,-17.8208
+2.2715,-17.734
+2.2719,-17.8745
+2.2723,-17.3724
+2.2726,-17.0357
+2.2731,-16.4977
+2.2735,-16.2479
+2.2739,-15.9576
+2.2743,-15.6511
+2.2746,-15.0338
+2.2751,-14.4044
+2.2755,-14.1006
+2.2759,-13.5872
+2.2763,-13.582
+2.2766,-13.4627
+2.2771,-13.4737
+2.2775,-13.0742
+2.2779,-12.9794
+2.2783,-12.6198
+2.2786,-12.1629
+2.2791,-11.6165
+2.2797,-10.9201
+2.2799,-10.2236
+2.2803,-9.35127
+2.2807,-8.65961
+2.2811,-7.63466
+2.2815,-7.2891
+2.2819,-6.70621
+2.2823,-6.5072
+2.2826,-6.35879
+2.2831,-6.54492
+2.2835,-7.09339
+2.2839,-7.63974
+2.2843,-8.97725
+2.2846,-9.86362
+2.2851,-10.9133
+2.2855,-11.792
+2.2859,-13.4661
+2.2863,-14.8032
+2.2866,-16.1238
+2.2871,-17.3341
+2.2875,-18.5792
+2.2879,-19.0343
+2.2883,-19.5939
+2.2886,-20.4391
+2.2891,-21.2752
+2.2895,-21.6804
+2.2899,-21.4813
+2.2903,-21.6501
+2.2906,-22.6254
+2.2912,-23.054
+2.2915,-24.1008
+2.2919,-26.1812
+2.2923,-27.5963
+2.2927,-29.3741
+2.2931,-30.7547
+2.2935,-32.2456
+2.2939,-34.6724
+2.2943,-36.9403
+2.2946,-38.3558
+2.2951,-39.5155
+2.2955,-40.3796
+2.2959,-40.3957
+2.2963,-40.7198
+2.2966,-40.3676
+2.2971,-40.4435
+2.2975,-40.2953
+2.2979,-39.9322
+2.2983,-39.2705
+2.2986,-38.314
+2.2991,-37.9794
+2.2995,-36.121
+2.2999,-35.1249
+2.3003,-33.4731
+2.3006,-32.1311
+2.3011,-30.3138
+2.3015,-28.5136
+2.3019,-25.5581
+2.3023,-22.5694
+2.3026,-19.7452
+2.3031,-16.5951
+2.3035,-13.5227
+2.3039,-10.1959
+2.3043,-6.6661
+2.3047,-3.46251
+2.3058,-0.381744
+2.306,+2.3525
+2.3062,+5.03151
+2.3064,+7.4457
+2.3067,+9.67745
+2.3071,+11.3881
+2.3075,+12.288
+2.3079,+13.152
+2.3083,+13.5151
+2.3086,+13.6298
+2.3091,+13.5208
+2.3095,+13.0867
+2.3099,+12.3295
+2.3103,+11.4086
+2.3106,+10.3375
+2.3111,+9.05917
+2.3116,+7.58327
+2.3119,+6.03834
+2.3121,+4.23651
+2.3125,+2.72512
+2.3128,+0.84065
+2.3131,-0.839384
+2.3135,-2.80476
+2.3139,-5.00018
+2.3143,-7.22375
+2.3146,-9.42622
+2.3151,-11.6854
+2.3155,-13.9225
+2.3159,-16.0593
+2.3163,-18.3301
+2.3166,-20.4885
+2.3171,-22.9356
+2.3175,-25.0738
+2.3179,-26.9257
+2.3183,-29.4704
+2.3186,-31.8987
+2.319,-33.6363
+2.3195,-35.9677
+2.3199,-37.9668
+2.3203,-39.7677
+2.3207,-41.0738
+2.3211,-42.0091
+2.3215,-42.7415
+2.3219,-43.0793
+2.3223,-42.405
+2.3226,-41.5808
+2.3231,-41.081
+2.3235,-39.6062
+2.3239,-38.1304
+2.3243,-36.2757
+2.3247,-34.3407
+2.3251,-32.3113
+2.3255,-30.3995
+2.3259,-28.3767
+2.3263,-26.525
+2.3267,-24.4876
+2.327,-22.5121
+2.3275,-20.6296
+2.3279,-18.4454
+2.3283,-16.493
+2.3286,-14.5785
+2.329,-12.6862
+2.3295,-10.5735
+2.3299,-8.63252
+2.3303,-6.11764
+2.3306,-3.53923
+2.331,-0.941451
+2.3315,+1.77486
+2.3319,+4.30756
+2.3323,+7.12519
+2.3327,+9.81223
+2.333,+12.617
+2.3335,+15.3291
+2.3339,+18.2313
+2.3343,+20.492
+2.3346,+22.685
+2.335,+24.9845
+2.3355,+27.1784
+2.3359,+29.1249
+2.3363,+30.7793
+2.3366,+32.376
+2.3371,+33.7115
+2.3375,+34.8112
+2.338,+35.5479
+2.3383,+36.233
+2.3386,+36.6088
+2.339,+36.5088
+2.3395,+36.2118
+2.3399,+35.7268
+2.3403,+34.8952
+2.3407,+33.8356
+2.341,+32.4544
+2.3416,+30.8733
+2.342,+28.8721
+2.3423,+25.2067
+2.3427,+21.2164
+2.3431,+17.6591
+2.3435,+13.943
+2.3455,+9.49522
+2.3457,+4.96736
+2.3459,-0.153564
+2.3463,-5.2961
+2.3467,-10.5729
+2.347,-16.006
+2.3475,-19.7883
+2.3479,-23.7785
+2.3483,-28.4725
+2.3486,-33.2724
+2.349,-37.0369
+2.3495,-40.9862
+2.3499,-44.6482
+2.3503,-47.9219
+2.3506,-50.2911
+2.351,-52.2301
+2.3515,-55.055
+2.3519,-57.3679
+2.3523,-59.4406
+2.3527,-61.2444
+2.353,-63.0968
+2.3535,-64.3825
+2.3539,-64.2854
+2.3543,-65.0402
+2.3546,-65.3465
+2.355,-65.635
+2.3555,-64.6406
+2.3559,-63.2888
+2.3563,-61.7218
+2.3567,-60.1213
+2.3577,-58.2935
+2.3579,-56.4665
+2.3581,-54.9163
+2.3584,-52.2527
+2.3586,-50.4589
+2.359,-48.1892
+2.3595,-45.8492
+2.3599,-43.2581
+2.3603,-40.2464
+2.3606,-36.8367
+2.361,-33.157
+2.3615,-29.2983
+2.3619,-25.595
+2.3623,-21.6333
+2.3626,-17.4816
+2.363,-13.1941
+2.3635,-8.98216
+2.3639,-4.80723
+2.3643,-0.662193
+2.3646,+3.36444
+2.365,+7.13152
+2.3655,+10.9377
+2.3659,+14.3975
+2.3663,+17.2924
+2.3666,+19.8443
+2.367,+21.8756
+2.3675,+23.6569
+2.3679,+24.6683
+2.3683,+25.1123
+2.3686,+25.0675
+2.369,+24.558
+2.3695,+23.2782
+2.3699,+21.3004
+2.3703,+18.9906
+2.3706,+16.3407
+2.371,+13.1279
+2.3715,+9.50509
+2.3719,+5.65507
+2.3723,+1.79979
+2.3727,-2.3455
+2.373,-5.95031
+2.3735,-9.29722
+2.3739,-13.2475
+2.3743,-16.9138
+2.3746,-20.328
+2.375,-23.3415
+2.3755,-26.0602
+2.3759,-28.7569
+2.3763,-31.3709
+2.3766,-32.8988
+2.377,-35.4238
+2.3775,-37.5775
+2.3779,-38.8508
+2.3783,-40.2092
+2.3786,-41.3872
+2.379,-42.1753
+2.3795,-42.2077
+2.3799,-42.1367
+2.3803,-41.9698
+2.3806,-41.5417
+2.381,-41.1577
+2.3815,-39.7639
+2.3819,-37.9488
+2.3823,-35.7754
+2.3826,-33.9072
+2.383,-32.1935
+2.3835,-30.9112
+2.3839,-28.2096
+2.3843,-25.9486
+2.3846,-23.8492
+2.385,-21.3403
+2.3855,-19.861
+2.3859,-18.3494
+2.3863,-17.1975
+2.3866,-15.7518
+2.387,-14.2978
+2.3875,-13.2571
+2.3879,-13.3652
+2.3883,-13.0714
+2.3887,-13.7309
+2.389,-14.3957
+2.3895,-15.556
+2.3899,-17.3855
+2.3903,-19.2725
+2.3906,-21.6959
+2.391,-24.3182
+2.3915,-26.9954
+2.3919,-29.8647
+2.3923,-32.7679
+2.3927,-35.3017
+2.393,-36.9717
+2.3935,-38.6222
+2.3939,-39.8469
+2.3943,-40.644
+2.3947,-40.6515
+2.395,-40.7157
+2.3955,-40.0752
+2.3959,-38.5342
+2.3963,-36.7805
+2.3966,-34.3052
+2.397,-32.6322
+2.3975,-29.9385
+2.3979,-27.0869
+2.3983,-23.7876
+2.3986,-20.5197
+2.399,-17.1971
+2.3995,-13.7548
+2.3999,-10.3416
+2.4003,-6.8165
+2.4007,-3.88995
+2.401,-0.332342
+2.4015,+2.95614
+2.4019,+6.2754
+2.4023,+9.23138
+2.4028,+12.158
+2.4031,+15.0259
+2.4035,+17.7861
+2.4039,+20.1405
+2.4043,+22.5333
+2.4047,+24.7509
+2.405,+26.377
+2.4055,+27.8478
+2.4059,+28.9534
+2.4063,+29.6807
+2.4066,+29.7561
+2.407,+29.3555
+2.4072,+28.3741
+2.4075,+26.9499
+2.4079,+24.5992
+2.4083,+21.7922
+2.4087,+18.5773
+2.409,+14.6182
+2.4095,+10.6194
+2.4099,+5.93112
+2.4103,+1.3493
+2.4106,-3.40731
+2.411,-8.12362
+2.4115,-12.8123
+2.4119,-17.3545
+2.4123,-21.6949
+2.4127,-25.7019
+2.413,-29.2339
+2.4135,-32.5873
+2.4139,-34.5125
+2.4143,-36.7726
+2.4146,-38.396
+2.415,-39.6571
+2.4155,-40.1521
+2.4159,-39.9825
+2.4163,-38.627
+2.4166,-37.3335
+2.417,-35.0746
+2.4175,-32.32
+2.4179,-30.4299
+2.4183,-27.1888
+2.4186,-23.9298
+2.419,-20.3205
+2.4195,-16.9679
+2.4199,-13.4688
+2.4203,-10.9916
+2.4207,-7.55903
+2.421,-5.446
+2.4215,-3.63505
+2.4219,-1.43156
+2.4223,-0.252255
+2.4228,+0.866435
+2.423,+1.87109
+2.4235,+2.03648
+2.4239,+2.4364
+2.4243,+2.37273
+2.4246,+1.23952
+2.425,+0.832789
+2.4255,-0.143713
+2.4259,-0.967159
+2.4263,-2.40359
+2.4266,-3.70467
+2.427,-5.65124
+2.4275,-7.21983
+2.4279,-8.90297
+2.4283,-10.3923
+2.4287,-11.531
+2.4291,-13.3892
+2.4295,-15.0727
+2.4299,-16.5901
+2.4303,-17.6965
+2.4306,-19.3612
+2.431,-20.7136
+2.4315,-21.6641
+2.4319,-22.9337
+2.4323,-23.9294
+2.4327,-24.9441
+2.433,-25.3735
+2.4335,-25.574
+2.4339,-26.2077
+2.4343,-26.0615
+2.4347,-25.59
+2.435,-24.8442
+2.4355,-24.1879
+2.4359,-23.5757
+2.4363,-22.8714
+2.4367,-22.2274
+2.437,-21.7069
+2.4375,-21.0074
+2.4379,-20.3315
+2.4383,-20.021
+2.4387,-19.6278
+2.439,-19.5073
+2.4395,-19.4466
+2.4399,-19.3458
+2.4403,-19.0655
+2.4407,-18.7979
+2.441,-18.3532
+2.4415,-17.4257
+2.4419,-16.9986
+2.4423,-16.1597
+2.4426,-15.0051
+2.443,-13.9902
+2.4435,-12.6618
+2.4439,-11.4404
+2.4443,-9.77903
+2.4447,-7.83593
+2.445,-6.0494
+2.4455,-4.76615
+2.4459,-3.30301
+2.4463,-1.94225
+2.4466,-1.36448
+2.447,-0.634032
+2.4475,-0.368514
+2.4479,-0.487839
+2.4483,-1.74382
+2.4487,-3.33835
+2.449,-5.2619
+2.4495,-7.55785
+2.4499,-10.371
+2.4503,-13.8095
+2.4507,-17.1413
+2.451,-20.8199
+2.4515,-24.4028
+2.4519,-27.9402
+2.4524,-30.7455
+2.4527,-33.2563
+2.4532,-35.3107
+2.4535,-36.6178
+2.4539,-36.834
+2.4543,-35.9729
+2.4547,-34.8794
+2.455,-32.8087
+2.4555,-29.9079
+2.4559,-25.5433
+2.4563,-20.8809
+2.4567,-15.5362
+2.457,-9.7597
+2.4575,-3.7299
+2.4579,+3.93311
+2.4583,+11.1115
+2.4586,+18.448
+2.459,+25.9807
+2.4601,+33.2511
+2.4603,+39.1911
+2.4607,+44.2734
+2.461,+48.3568
+2.4615,+51.785
+2.4619,+53.4121
+2.4623,+52.4486
+2.4627,+50.7649
+2.463,+47.9912
+2.4635,+43.5565
+2.4639,+37.4844
+2.4643,+30.9134
+2.4647,+23.896
+2.465,+16.8196
+2.4655,+8.78604
+2.4659,+1.26555
+2.4663,-6.10799
+2.4667,-13.4651
+2.467,-20.0654
+2.4675,-26.0876
+2.4679,-31.3214
+2.4683,-35.8069
+2.4687,-39.5293
+2.469,-42.6721
+2.4695,-44.4173
+2.4699,-45.4201
+2.4703,-45.7073
+2.4707,-44.9162
+2.471,-43.7045
+2.4715,-41.8536
+2.4719,-38.9412
+2.4723,-35.8018
+2.4727,-32.6977
+2.473,-29.2034
+2.4735,-25.8613
+2.4739,-22.742
+2.4743,-19.8396
+2.4747,-17.0409
+2.475,-14.4165
+2.4755,-11.9186
+2.4759,-9.97498
+2.4763,-7.83272
+2.4767,-5.79556
+2.477,-4.30678
+2.4775,-3.12831
+2.4779,-1.84314
+2.4783,-0.53194
+2.4787,+0.616265
+2.479,+1.8984
+2.4795,+3.16983
+2.4799,+4.64452
+2.4803,+5.69591
+2.4807,+7.05973
+2.481,+8.63218
+2.4815,+10.0783
+2.4819,+11.5776
+2.4823,+13.1941
+2.4827,+14.5281
+2.483,+15.7796
+2.4835,+16.5617
+2.4839,+16.6986
+2.4843,+16.6893
+2.4847,+16.1597
+2.485,+14.92
+2.4855,+13.6868
+2.4859,+12.2469
+2.4863,+10.1284
+2.4867,+7.57223
+2.4869,+4.6332
+2.4871,+0.934413
+2.4875,-2.19782
+2.4879,-5.8818
+2.4883,-9.57711
+2.4887,-13.3223
+2.489,-17.0011
+2.4895,-20.8566
+2.4899,-24.136
+2.4903,-26.8598
+2.4907,-28.8425
+2.491,-29.7299
+2.4915,-30.7295
+2.4919,-30.5676
+2.4923,-30.055
+2.4927,-28.8566
+2.493,-27.4126
+2.4935,-25.6557
+2.4939,-23.8046
+2.4943,-21.9312
+2.4947,-20.3469
+2.4951,-18.7159
+2.4955,-17.3208
+2.4959,-15.9557
+2.4963,-14.4027
+2.4967,-12.9944
+2.497,-11.4584
+2.4975,-9.82179
+2.4979,-7.92374
+2.4983,-5.89552
+2.4987,-3.87873
+2.499,-1.74855
+2.4995,+0.960494
+2.4999,+3.33041
+2.5003,+5.76359
+2.5007,+8.19023
+2.501,+10.5054
+2.5015,+12.8721
+2.5019,+15.0089
+2.5023,+16.6299
+2.5027,+18.1169
+2.503,+19.1561
+2.5035,+19.4297
+2.5039,+19.0964
+2.5043,+18.2474
+2.5047,+16.7562
+2.505,+14.4981
+2.5055,+11.4819
+2.5059,+7.92117
+2.5063,+3.81129
+2.5067,-1.2141
+2.507,-6.34272
+2.5075,-10.9216
+2.5079,-15.4522
+2.5083,-19.8916
+2.5087,-23.912
+2.509,-27.5514
+2.5095,-30.526
+2.5099,-32.9766
+2.5103,-34.7395
+2.5107,-35.2256
+2.511,-35.0884
+2.5115,-35.192
+2.5119,-34.4706
+2.5123,-33.3802
+2.5127,-31.9549
+2.513,-30.0909
+2.5135,-27.7284
+2.5139,-25.6459
+2.5143,-23.4061
+2.5147,-21.3592
+2.515,-19.5085
+2.5155,-17.4347
+2.5159,-15.5675
+2.5163,-13.5892
+2.5167,-11.8283
+2.517,-10.1226
+2.5175,-8.74978
+2.5179,-6.74653
+2.5183,-5.1078
+2.5187,-3.53254
+2.519,-1.58298
+2.5195,-0.363047
+2.5199,+0.764344
+2.5203,+1.54643
+2.5207,+2.28675
+2.521,+2.66025
+2.5215,+2.64316
+2.5219,+1.97546
+2.5223,+0.991637
+2.5227,-0.278974
+2.523,-1.90966
+2.5235,-3.7038
+2.5239,-5.52393
+2.5243,-7.56359
+2.5247,-9.86059
+2.525,-12.3109
+2.5255,-15.495
+2.5259,-19.1072
+2.5263,-21.1778
+2.5267,-23.2016
+2.527,-25.4704
+2.5275,-26.8764
+2.5279,-28.1202
+2.5283,-29.1771
+2.5287,-29.6093
+2.529,-29.348
+2.5295,-27.8357
+2.5299,-25.4859
+2.5303,-23.7506
+2.5307,-21.525
+2.531,-18.8595
+2.5315,-16.157
+2.5319,-13.6857
+2.5323,-10.6128
+2.5327,-7.61537
+2.533,-5.21065
+2.5335,-2.83098
+2.5339,-0.501115
+2.5343,+1.30954
+2.5347,+2.8415
+2.535,+4.18514
+2.5355,+5.31573
+2.5359,+5.91629
+2.5363,+5.97957
+2.5367,+5.51738
+2.537,+5.01472
+2.5375,+3.95942
+2.5379,+2.43377
+2.5383,+0.672303
+2.5387,-1.17343
+2.539,-3.41232
+2.5395,-5.80713
+2.5399,-8.06158
+2.5403,-10.5168
+2.5407,-12.882
+2.541,-14.9266
+2.5415,-17.1535
+2.5419,-19.1029
+2.5423,-20.5006
+2.5427,-22.2039
+2.543,-23.7507
+2.5435,-25.3598
+2.5439,-26.5934
+2.5443,-27.6663
+2.5447,-28.6082
+2.545,-29.5714
+2.5455,-30.2569
+2.5459,-30.4233
+2.5463,-30.4469
+2.5467,-30.5994
+2.547,-30.3187
+2.5474,-30.0938
+2.5479,-29.784
+2.5483,-28.9129
+2.5487,-27.8632
+2.549,-26.6764
+2.5495,-25.0592
+2.5499,-23.8773
+2.5503,-22.8894
+2.5507,-21.4221
+2.551,-19.9256
+2.5515,-17.5558
+2.5519,-15.4791
+2.5523,-13.3023
+2.5527,-10.9099
+2.553,-8.18289
+2.5535,-5.96526
+2.5539,-3.15029
+2.5543,+0.0762455
+2.5548,+3.37793
+2.5551,+6.67379
+2.5555,+9.47168
+2.5559,+12.7771
+2.5563,+15.8255
+2.5567,+18.818
+2.557,+21.3232
+2.5575,+24.1097
+2.5579,+26.3377
+2.5583,+27.993
+2.5587,+29.384
+2.559,+30.2848
+2.5595,+30.6193
+2.5599,+30.5805
+2.5603,+29.4534
+2.5607,+27.7506
+2.561,+25.9532
+2.5614,+23.9469
+2.5625,+21.5442
+2.5628,+19.2152
+2.5631,+16.4657
+2.5634,+13.6797
+2.5639,+11.1135
+2.5643,+8.92937
+2.5647,+7.36494
+2.565,+6.02666
+2.5655,+4.66422
+2.5659,+3.303
+2.5663,+1.93952
+2.5667,+0.568251
+2.5671,-0.358843
+2.5674,-1.06336
+2.5679,-1.73008
+2.5683,-2.95917
+2.5687,-4.28401
+2.5691,-5.72923
+2.5695,-6.86734
+2.5699,-8.17058
+2.5703,-9.42136
+2.5707,-10.7995
+2.571,-12.1235
+2.5714,-13.4798
+2.5719,-14.7128
+2.5723,-15.8471
+2.5727,-16.781
+2.5731,-18.2026
+2.5735,-19.7793
+2.5739,-20.5036
+2.5743,-21.6561
+2.5747,-22.5388
+2.5751,-23.4357
+2.5755,-24.277
+2.5759,-25.0492
+2.5763,-25.612
+2.5767,-26.1753
+2.5771,-25.9077
+2.5774,-25.9201
+2.5779,-26.4354
+2.5783,-26.3901
+2.5787,-26.4425
+2.579,-26.788
+2.5794,-26.8658
+2.5799,-27.1285
+2.5803,-27.2185
+2.5807,-27.5277
+2.5811,-27.9394
+2.5814,-28.6035
+2.5819,-28.8541
+2.5823,-28.8119
+2.5827,-28.9445
+2.5831,-28.5824
+2.5834,-28.2199
+2.5839,-27.4108
+2.5843,-26.7555
+2.5847,-25.6999
+2.5853,-24.4622
+2.5856,-22.5633
+2.5859,-20.9181
+2.5863,-19.3828
+2.5867,-17.2815
+2.587,-15.4285
+2.5874,-13.6083
+2.5879,-11.9855
+2.5883,-10.0723
+2.5887,-8.49702
+2.5891,-7.25747
+2.5894,-6.16836
+2.5899,-5.10263
+2.5903,-3.9796
+2.5907,-3.36909
+2.591,-2.72538
+2.5914,-2.43803
+2.5919,-2.43527
+2.5923,-2.71765
+2.5927,-2.97107
+2.593,-3.19568
+2.5934,-3.3032
+2.5939,-3.55011
+2.5943,-3.8078
+2.5947,-4.00394
+2.595,-3.85799
+2.5956,-3.89788
+2.5959,-3.7192
+2.5963,-3.78977
+2.5967,-3.86759
+2.5971,-3.95562
+2.5974,-4.19057
+2.5979,-4.73183
+2.5983,-5.17559
+2.5987,-5.92488
+2.5991,-6.63247
+2.5994,-7.76384
+2.5999,-9.15483
+2.6003,-10.8591
+2.6007,-12.753
+2.6011,-14.7421
+2.6014,-16.9436
+2.6019,-19.0694
+2.6023,-21.6098
+2.6027,-24.0498
+2.603,-26.4356
+2.6036,-28.5806
+2.6039,-30.497
+2.6043,-31.6443
+2.6047,-32.4166
+2.6052,-32.7479
+2.6056,-32.4699
+2.606,-32.1985
+2.6063,-31.3173
+2.6067,-29.9768
+2.6071,-27.7689
+2.6075,-25.9969
+2.608,-23.9132
+2.6084,-21.7602
+2.6087,-19.4729
+2.6091,-17.1923
+2.6095,-15.1808
+2.61,-12.9562
+2.6103,-11.1412
+2.6107,-9.5345
+2.6111,-8.91209
+2.6115,-7.80254
+2.612,-7.15206
+2.6123,-7.40513
+2.6127,-7.62576
+2.6131,-8.29445
+2.6135,-8.83156
+2.614,-9.85729
+2.6143,-11.2525
+2.6147,-12.563
+2.6151,-13.7536
+2.6156,-14.6193
+2.616,-15.3469
+2.6163,-15.9695
+2.6167,-16.2244
+2.6171,-16.4881
+2.6174,-17.2309
+2.618,-17.3396
+2.6183,-16.7407
+2.6187,-16.7572
+2.6191,-16.8312
+2.6195,-17.0489
+2.62,-16.7456
+2.6203,-16.154
+2.6207,-15.9603
+2.6211,-15.6837
+2.6215,-15.1759
+2.622,-14.669
+2.6223,-14.5603
+2.6227,-13.8296
+2.6231,-12.8025
+2.6234,-11.9856
+2.624,-11.6208
+2.6243,-10.9092
+2.6247,-10.4102
+2.6251,-9.69263
+2.6255,-8.94659
+2.6261,-8.35898
+2.6263,-7.95133
+2.6267,-7.61
+2.6271,-7.47469
+2.6274,-7.46084
+2.628,-7.85433
+2.6283,-8.61428
+2.6287,-9.59052
+2.6291,-10.6996
+2.6295,-12.3034
+2.63,-14.0499
+2.6303,-16.0225
+2.6307,-18.0675
+2.6311,-20.6377
+2.6314,-23.3787
+2.632,-25.9622
+2.6323,-28.6104
+2.6327,-31.386
+2.6331,-34.4108
+2.6335,-36.8956
+2.634,-39.3968
+2.6343,-41.5588
+2.6347,-43.4787
+2.6351,-45.1459
+2.6356,-45.9131
+2.636,-46.4176
+2.6363,-47.1674
+2.6367,-46.4917
+2.6371,-45.2574
+2.6375,-44.5573
+2.6379,-43.2241
+2.6383,-41.576
+2.6387,-39.2756
+2.6391,-36.4938
+2.6395,-33.7006
+2.64,-30.6358
+2.6403,-26.4208
+2.6407,-22.9162
+2.6411,-19.1611
+2.6415,-14.4016
+2.642,-9.70312
+2.6423,-4.76584
+2.6427,-0.185821
+2.6431,+4.37607
+2.6435,+8.62856
+2.644,+12.8043
+2.6443,+16.7884
+2.6447,+20.4321
+2.6451,+23.5874
+2.6455,+26.2054
+2.6461,+28.2946
+2.6463,+29.669
+2.6467,+30.5118
+2.6471,+30.9392
+2.6475,+30.474
+2.648,+29.5763
+2.6483,+27.9713
+2.6487,+25.9318
+2.6494,+23.4307
+2.6497,+20.7466
+2.6501,+17.7964
+2.6503,+14.5905
+2.6508,+11.2285
+2.6512,+7.8
+2.6516,+4.54449
+2.652,+0.804713
+2.6523,-2.46043
+2.6527,-6.22533
+2.6531,-10.2757
+2.6535,-14.246
+2.654,-18.8354
+2.6543,-22.8244
+2.6547,-27.2338
+2.6551,-31.8085
+2.6555,-36.4068
+2.656,-40.0402
+2.6565,-44.3742
+2.6568,-47.7081
+2.6571,-50.2299
+2.6575,-52.5551
+2.658,-53.9322
+2.6583,-54.8767
+2.6587,-55.413
+2.6591,-55.568
+2.6595,-54.4823
+2.66,-53.2173
+2.6603,-50.9832
+2.6607,-49.1802
+2.6611,-47.039
+2.6614,-44.4036
+2.662,-41.4045
+2.6623,-38.8564
+2.6627,-34.8896
+2.663,-30.3578
+2.6634,-26.4485
+2.6639,-22.4916
+2.6649,-18.6918
+2.6651,-14.3577
+2.6654,-10.1064
+2.6659,-6.29597
+2.6663,-2.74557
+2.6667,+0.809821
+2.6671,+3.12832
+2.6674,+4.82474
+2.6679,+6.21878
+2.6683,+6.7084
+2.6687,+6.69319
+2.6691,+6.14147
+2.6694,+5.10022
+2.6699,+3.58471
+2.6703,+1.85005
+2.6707,-0.117074
+2.6711,-2.42158
+2.6714,-4.79515
+2.6719,-7.30634
+2.6723,-9.93221
+2.6727,-12.4499
+2.6731,-14.6415
+2.6734,-17.2579
+2.6739,-19.7399
+2.6743,-22.0508
+2.6747,-24.3816
+2.6751,-26.3538
+2.6754,-28.3416
+2.6759,-30.0978
+2.6764,-31.516
+2.6767,-33.0826
+2.677,-34.5345
+2.6774,-35.4451
+2.6779,-36.0374
+2.6783,-36.6406
+2.6787,-36.9429
+2.6791,-37.1451
+2.6794,-36.8874
+2.6799,-36.3817
+2.6803,-35.497
+2.6807,-34.2708
+2.6811,-32.8645
+2.6814,-31.3916
+2.6819,-29.5684
+2.6823,-27.4234
+2.6827,-24.8687
+2.683,-22.1819
+2.6834,-19.163
+2.6839,-15.9319
+2.6843,-12.3499
+2.6847,-8.34296
+2.6851,-3.89808
+2.6854,+0.733625
+2.6859,+5.27724
+2.6863,+10.1234
+2.6867,+14.9008
+2.6871,+20.0005
+2.6874,+24.8624
+2.6879,+29.47
+2.6883,+33.6939
+2.6887,+36.9822
+2.6891,+39.3377
+2.6894,+41.2853
+2.6899,+42.1858
+2.6903,+41.8507
+2.6907,+40.2464
+2.6911,+37.6817
+2.6914,+34.3402
+2.6919,+29.9994
+2.6923,+24.6201
+2.6927,+19.0583
+2.6931,+13.1016
+2.6934,+7.05804
+2.6939,+1.11956
+2.6943,-4.62773
+2.6947,-10.0723
+2.6951,-15.2975
+2.6954,-20.1135
+2.6959,-24.4818
+2.6964,-28.14
+2.6967,-31.0394
+2.6971,-33.3259
+2.6974,-35.5216
+2.6979,-36.7557
+2.6983,-37.7778
+2.6987,-38.1729
+2.6991,-38.2691
+2.6994,-38.0035
+2.6999,-37.4088
+2.7003,-36.2628
+2.7007,-35.1429
+2.7011,-33.9363
+2.7014,-32.4358
+2.7019,-30.9573
+2.7023,-28.9216
+2.7027,-26.7438
+2.7031,-24.0937
+2.7034,-21.8388
+2.7039,-19.412
+2.7043,-17.2664
+2.7047,-14.8479
+2.7051,-12.3747
+2.7054,-9.79212
+2.7059,-7.40365
+2.7063,-5.40085
+2.7067,-3.2732
+2.7071,-1.30279
+2.7074,+0.937492
+2.7079,+3.15831
+2.7083,+5.62073
+2.7087,+8.04781
+2.7091,+10.3018
+2.7094,+12.5864
+2.7099,+14.6453
+2.7103,+16.8881
+2.7107,+18.5462
+2.711,+19.6669
+2.7114,+20.2283
+2.7119,+20.4304
+2.7123,+19.8889
+2.7127,+18.521
+2.7131,+16.7965
+2.7134,+14.4665
+2.7139,+12.1001
+2.7143,+8.89914
+2.7147,+5.56374
+2.7151,+2.56331
+2.7154,-0.478292
+2.7159,-3.13032
+2.7163,-5.26683
+2.7167,-7.0267
+2.717,-8.23215
+2.7174,-8.9169
+2.7179,-9.23655
+2.7183,-9.45866
+2.7187,-9.48999
+2.7191,-10.0227
+2.7194,-10.4101
+2.7199,-10.7981
+2.7203,-11.7562
+2.7207,-13.2223
+2.7211,-16.2811
+2.7214,-19.152
+2.7219,-22.3539
+2.7223,-25.0973
+2.7227,-28.0507
+2.7231,-30.4686
+2.7234,-32.5543
+2.7239,-34.0914
+2.7243,-34.6497
+2.7247,-34.3685
+2.7251,-32.1055
+2.7254,-29.858
+2.7259,-27.003
+2.7263,-23.1871
+2.7267,-18.712
+2.7272,-14.0264
+2.7274,-9.22924
+2.7279,-4.71524
+2.7283,-0.531955
+2.7287,+3.59178
+2.7291,+6.98336
+2.7294,+10.1184
+2.7299,+12.8095
+2.7303,+14.301
+2.7307,+15.5447
+2.7311,+16.3493
+2.7314,+17.0656
+2.7319,+17.5229
+2.7323,+17.7053
+2.7327,+17.9189
+2.7331,+18.5668
+2.7334,+19.0625
+2.7339,+19.6048
+2.7343,+20.4128
+2.7347,+21.128
+2.7351,+21.6401
+2.7354,+21.9601
+2.7359,+21.5494
+2.7363,+20.4852
+2.7367,+18.658
+2.7371,+16.3085
+2.7374,+13.4619
+2.7379,+9.51862
+2.7383,+4.82851
+2.7387,-0.360531
+2.739,-4.96649
+2.7394,-9.75323
+2.7399,-14.4769
+2.7403,-18.7768
+2.7407,-22.9
+2.7411,-26.7231
+2.7414,-30.0536
+2.7419,-32.3491
+2.7423,-33.4708
+2.7427,-33.7697
+2.7431,-34.4524
+2.7434,-34.6776
+2.7439,-34.1427
+2.7443,-33.1109
+2.7447,-31.6397
+2.7451,-29.5198
+2.7454,-27.3365
+2.7459,-24.7146
+2.7463,-22.2474
+2.7467,-19.7568
+2.7471,-17.1031
+2.7474,-14.3023
+2.7479,-11.6308
+2.7483,-8.82887
+2.7487,-5.78374
+2.7491,-3.21031
+2.7494,-0.263515
+2.7499,+2.54919
+2.7503,+5.80645
+2.7507,+9.00797
+2.7511,+12.4619
+2.7514,+15.9703
+2.7519,+19.8435
+2.7523,+23.7288
+2.7527,+27.5482
+2.7531,+31.4975
+2.7534,+35.0902
+2.7539,+38.5746
+2.7543,+41.4394
+2.7547,+44.2761
+2.7551,+46.3268
+2.7554,+47.6901
+2.7559,+48.532
+2.7563,+48.7285
+2.7567,+48.2196
+2.7572,+46.9941
+2.7574,+45.4432
+2.7579,+43.2439
+2.7583,+40.804
+2.7587,+37.689
+2.7591,+34.5666
+2.7594,+31.5068
+2.7599,+27.804
+2.7603,+23.4843
+2.7607,+19.2736
+2.7611,+14.8489
+2.7614,+10.1183
+2.7619,+5.19361
+2.7623,-0.00482254
+2.7627,-5.18399
+2.763,-10.6177
+2.7634,-15.2975
+2.7639,-19.8125
+2.7643,-24.1809
+2.7647,-27.687
+2.7651,-30.4476
+2.7654,-32.6429
+2.7659,-34.0635
+2.7663,-34.3227
+2.7673,-34.3864
+2.7676,-33.3759
+2.7679,-33.1091
+2.7683,-31.6141
+2.7687,-29.3718
+2.769,-27.5359
+2.7694,-25.7282
+2.7699,-23.7934
+2.7703,-21.7776
+2.7707,-20.1726
+2.771,-18.2229
+2.7714,-16.4402
+2.7719,-14.0669
+2.7723,-12.5063
+2.7727,-10.8598
+2.7731,-8.94202
+2.7734,-7.00626
+2.7739,-4.93843
+2.7743,-3.07063
+2.7747,-1.33664
+2.7751,+0.203609
+2.7754,+1.6094
+2.7759,+2.61282
+2.7763,+3.64316
+2.7767,+4.30027
+2.7771,+4.443
+2.7774,+4.40998
+2.7779,+4.18256
+2.7783,+3.67483
+2.7787,+2.94536
+2.7791,+1.98119
+2.7796,+1.07654
+2.7799,+0.232431
+2.7803,-0.812949
+2.7806,-1.65662
+2.7807,-2.51045
+2.7811,-4.27848
+2.7814,-5.69091
+2.7819,-7.7576
+2.7823,-10.2023
+2.7827,-12.4824
+2.783,-15.35
+2.7834,-18.1637
+2.7839,-21.0561
+2.7843,-23.9611
+2.7847,-26.7709
+2.7851,-28.2959
+2.7854,-30.946
+2.7859,-32.4086
+2.7863,-33.8545
+2.7867,-34.2923
+2.7871,-34.2872
+2.7876,-34.1165
+2.7879,-33.4316
+2.7883,-32.6191
+2.7887,-31.6555
+2.789,-30.7951
+2.7894,-28.8503
+2.7899,-27.0142
+2.7903,-24.2821
+2.7907,-22.4632
+2.7911,-20.5034
+2.7914,-18.0003
+2.7919,-15.6113
+2.7923,-13.2256
+2.7927,-11.3329
+2.7931,-9.27312
+2.7934,-7.94361
+2.7939,-6.55128
+2.7943,-5.65376
+2.7947,-4.90771
+2.7951,-4.36025
+2.7954,-5.88616
+2.7959,-6.48877
+2.7963,-7.23327
+2.7967,-7.83637
+2.7971,-9.14433
+2.7974,-10.1435
+2.7979,-11.6902
+2.7983,-13.6094
+2.7987,-15.7452
+2.7991,-18.128
+2.7994,-20.5527
+2.7999,-23.1433
+2.8003,-25.8107
+2.8007,-28.4766
+2.8011,-30.9304
+2.8014,-33.1066
+2.8019,-35.1099
+2.8023,-36.9879
+2.8027,-38.1576
+2.8031,-39.1187
+2.8034,-40.1416
+2.8039,-40.5654
+2.8043,-40.1574
+2.8047,-39.7537
+2.8051,-38.8096
+2.8054,-37.7939
+2.8059,-36.4368
+2.8063,-34.6209
+2.8067,-32.9506
+2.8071,-30.9593
+2.8074,-28.454
+2.8079,-26.1572
+2.8083,-24.1449
+2.8087,-21.301
+2.8091,-18.7329
+2.8094,-15.8162
+2.8099,-12.7368
+2.8103,-9.16144
+2.8107,-5.37713
+2.8111,-1.44424
+2.8114,+2.96252
+2.8119,+7.57554
+2.8123,+12.602
+2.8127,+17.5576
+2.8131,+22.7962
+2.8134,+28.0755
+2.8139,+33.0386
+2.8143,+38.2495
+2.8147,+43.5494
+2.8151,+49.0279
+2.8154,+53.9217
+2.8159,+59.4076
+2.8163,+64.1155
+2.8167,+69.0376
+2.8171,+73.3848
+2.8174,+76.4479
+2.8179,+79.0809
+2.8183,+80.7934
+2.8187,+81.3663
+2.8191,+80.2415
+2.8194,+78.6747
+2.8199,+75.1802
+2.8203,+70.5241
+2.8207,+64.4751
+2.8211,+57.8147
+2.8214,+51.0996
+2.8219,+43.8665
+2.8223,+35.6553
+2.8227,+27.4921
+2.8231,+19.9382
+2.8234,+12.0425
+2.8239,+4.62252
+2.8243,-2.37323
+2.8247,-9.2024
+2.8251,-15.6005
+2.8254,-21.554
+2.8259,-26.8747
+2.8263,-31.0885
+2.8267,-35.1828
+2.8271,-38.1327
+2.8274,-40.3243
+2.8278,-41.8152
+2.8284,-42.313
+2.8287,-42.7074
+2.8291,-41.896
+2.8294,-40.5916
+2.8299,-39.0987
+2.8303,-37.3923
+2.8307,-34.8343
+2.8311,-32.4472
+2.8314,-29.8817
+2.8319,-26.9989
+2.8323,-24.0548
+2.8327,-20.4004
+2.8331,-17.4295
+2.8334,-13.8991
+2.8338,-10.0808
+2.8343,-6.26425
+2.8347,-2.37872
+2.8351,+1.49926
+2.8354,+5.65839
+2.8358,+9.68798
+2.8363,+14.0124
+2.8367,+18.21
+2.8371,+22.6543
+2.8374,+26.8328
+2.8379,+31.0038
+2.8383,+35.0625
+2.8387,+38.8221
+2.8391,+42.2475
+2.8394,+45.2629
+2.8399,+47.8183
+2.8403,+49.6063
+2.8407,+50.9293
+2.8411,+51.6254
+2.8414,+51.2493
+2.8419,+50.0825
+2.8423,+48.0962
+2.8427,+45.6039
+2.8431,+42.5411
+2.8434,+38.9411
+2.8439,+34.8376
+2.8443,+30.4602
+2.8447,+25.7744
+2.8451,+20.8587
+2.8454,+16.2213
+2.8458,+11.5063
+2.8463,+6.94087
+2.8467,+2.39552
+2.8471,-2.06081
+2.8474,-6.41814
+2.8478,-10.1493
+2.8483,-14.4482
+2.8487,-17.713
+2.8491,-21.3484
+2.8494,-23.7674
+2.8499,-26.5074
+2.8503,-28.5167
+2.8507,-29.3144
+2.8511,-30.2673
+2.8514,-30.7045
+2.8518,-30.2575
+2.8523,-29.2619
+2.8527,-27.7285
+2.8531,-25.9212
+2.8534,-24.8749
+2.8538,-22.7263
+2.8543,-20.5838
+2.8547,-18.9557
+2.8551,-16.6183
+2.8554,-14.1209
+2.8559,-12.7965
+2.8563,-10.6824
+2.8567,-9.5246
+2.8571,-7.61009
+2.8574,-5.7558
+2.8579,-4.12685
+2.8583,-2.2908
+2.8587,-1.06287
+2.8591,+0.136017
+2.8594,+1.27724
+2.8599,+2.58247
+2.8603,+3.42094
+2.8607,+4.04154
+2.8611,+4.62823
+2.8614,+4.64064
+2.8618,+4.88355
+2.8623,+4.2925
+2.8627,+3.89358
+2.8631,+3.22287
+2.8634,+2.44436
+2.8638,+1.55449
+2.8643,+0.612681
+2.8647,-0.202893
+2.8651,-1.5576
+2.8654,-2.60225
+2.8659,-3.67343
+2.8663,-4.89219
+2.8667,-5.7664
+2.8671,-6.60935
+2.8674,-7.50356
+2.8678,-8.29586
+2.8683,-8.73689
+2.8687,-9.35104
+2.8697,-9.32984
+2.8699,-9.42083
+2.8701,-9.29414
+2.8703,-8.46693
+2.8707,-7.65002
+2.8711,-6.4644
+2.8714,-5.54944
+2.8718,-4.41539
+2.8723,-3.21246
+2.8727,-1.52845
+2.8731,-0.00154352
+2.8734,+2.20174
+2.8738,+3.96932
+2.8743,+5.77603
+2.8747,+7.63343
+2.8751,+9.26532
+2.8754,+11.2023
+2.8758,+13.2757
+2.8763,+15.0517
+2.8767,+16.434
+2.8771,+17.9391
+2.8774,+18.9616
+2.8778,+20.004
+2.8783,+20.8164
+2.8787,+21.1365
+2.8791,+21.2695
+2.8794,+21.1402
+2.8798,+20.5292
+2.8803,+19.7874
+2.8807,+18.9776
+2.8811,+17.5261
+2.8814,+15.8918
+2.8818,+13.8945
+2.8823,+11.7641
+2.8827,+9.51161
+2.8831,+7.43879
+2.8834,+5.39004
+2.8838,+3.3943
+2.8843,+1.32394
+2.8847,-0.802242
+2.8849,-2.59265
+2.8851,-4.2889
+2.8854,-5.95795
+2.8858,-7.49214
+2.8863,-8.91814
+2.8867,-10.2242
+2.8871,-11.3968
+2.8874,-12.2414
+2.8878,-12.7607
+2.8883,-12.9686
+2.8887,-13.1408
+2.8891,-12.8241
+2.8894,-12.1893
+2.8898,-11.3211
+2.8903,-9.76798
+2.8907,-8.27168
+2.8911,-6.60913
+2.8914,-4.93198
+2.8918,-2.92866
+2.8923,-1.03564
+2.8927,+1.47657
+2.8931,+3.60748
+2.8934,+5.91279
+2.8938,+8.0713
+2.8943,+10.0887
+2.8947,+12.2829
+2.8951,+14.4422
+2.8954,+16.5399
+2.8958,+18.2974
+2.8963,+20.1579
+2.8967,+21.2199
+2.8971,+22.372
+2.8974,+23.3044
+2.8979,+23.9484
+2.8983,+24.1272
+2.8987,+23.7774
+2.8991,+23.0913
+2.8994,+21.9897
+2.8998,+20.4329
+2.9003,+18.3981
+2.9007,+16.2388
+2.9011,+13.6325
+2.9014,+10.641
+2.9018,+7.43814
+2.9023,+3.91692
+2.9027,+0.639052
+2.9031,-3.21201
+2.9034,-7.33649
+2.9038,-10.7427
+2.9043,-14.0067
+2.9047,-17.3233
+2.9051,-20.7393
+2.9054,-23.5637
+2.9058,-25.9014
+2.9063,-28.0119
+2.9067,-30.6775
+2.9071,-31.8781
+2.9074,-32.2886
+2.9078,-32.8596
+2.9083,-32.8271
+2.9087,-32.1216
+2.9091,-30.5801
+2.9096,-29.1345
+2.9098,-27.7992
+2.9103,-25.7321
+2.9107,-22.8344
+2.9111,-20.1415
+2.9114,-17.7445
+2.9118,-15.2524
+2.9123,-12.6086
+2.9127,-10.0299
+2.9131,-7.59666
+2.9134,-4.90266
+2.9138,-1.99432
+2.9143,+0.693736
+2.9147,+2.97832
+2.9151,+4.83822
+2.9154,+7.08544
+2.9158,+9.04612
+2.9161,+10.6106
+2.9163,+11.9745
+2.9167,+13.2065
+2.9171,+13.8977
+2.9174,+14.3073
+2.9178,+14.3702
+2.9183,+14.2386
+2.9187,+13.9228
+2.9191,+13.1646
+2.9194,+11.8378
+2.9199,+9.98392
+2.9203,+7.87671
+2.9207,+5.38424
+2.9211,+2.83348
+2.9214,-0.0906322
+2.9218,-3.24894
+2.9223,-6.35077
+2.9227,-9.77942
+2.9231,-13.4951
+2.9234,-16.5367
+2.9238,-19.5458
+2.9243,-22.4252
+2.9247,-24.3475
+2.9251,-26.7324
+2.9254,-27.8708
+2.9258,-29.1997
+2.9263,-29.422
+2.9267,-29.406
+2.9271,-28.5627
+2.9274,-27.7721
+2.9278,-26.3743
+2.9283,-24.3576
+2.9287,-22.8128
+2.9291,-20.1674
+2.9294,-18.1448
+2.9298,-15.4183
+2.9303,-13.2629
+2.9307,-10.7527
+2.9311,-8.19909
+2.9314,-5.42147
+2.9318,-2.6972
+2.9323,-0.441186
+2.9327,+2.15311
+2.9331,+4.41809
+2.9334,+6.86334
+2.9338,+9.2897
+2.9343,+11.6003
+2.9347,+13.9562
+2.9351,+15.937
+2.9354,+17.8451
+2.9358,+19.5886
+2.9363,+21.2814
+2.9367,+22.6086
+2.9371,+23.5862
+2.9374,+24.1622
+2.9378,+24.2635
+2.9383,+23.9828
+2.9387,+23.1116
+2.9391,+21.9808
+2.9396,+20.5182
+2.9398,+18.6786
+2.9403,+16.4456
+2.9407,+13.5533
+2.9411,+10.7082
+2.9414,+7.67305
+2.9418,+4.51864
+2.9423,+1.34467
+2.9427,-1.96166
+2.9431,-5.24213
+2.9434,-8.70138
+2.9438,-11.9324
+2.9443,-15.0149
+2.9447,-17.7299
+2.9451,-20.2523
+2.9454,-22.5766
+2.9458,-24.503
+2.9463,-25.7296
+2.9467,-27.1174
+2.9471,-28.3386
+2.9474,-29.1034
+2.9478,-29.4542
+2.9483,-29.473
+2.9487,-28.2717
+2.9491,-27.0145
+2.9495,-25.9205
+2.9498,-23.9876
+2.9503,-22.2183
+2.9507,-19.5258
+2.9511,-16.6438
+2.9514,-13.6122
+2.9518,-10.5561
+2.9523,-7.34889
+2.9527,-4.86777
+2.9531,-2.21631
+2.9534,+0.960512
+2.9538,+3.44682
+2.9543,+5.67269
+2.9547,+7.85295
+2.9551,+9.80799
+2.9554,+11.5664
+2.9558,+12.9086
+2.9563,+13.867
+2.9567,+14.3986
+2.9571,+14.5419
+2.9574,+14.2466
+2.9578,+13.5621
+2.9583,+12.6533
+2.9587,+11.3445
+2.9591,+9.73663
+2.9594,+7.86805
+2.9598,+6.07053
+2.9603,+4.01168
+2.9607,+1.83348
+2.9611,-0.408073
+2.9614,-2.4127
+2.9618,-4.45234
+2.9623,-6.41311
+2.9627,-8.24011
+2.9631,-9.72343
+2.9634,-11.0396
+2.9638,-12.5355
+2.9643,-13.8587
+2.9647,-14.5047
+2.9651,-14.8997
+2.9654,-15.2482
+2.9658,-14.6397
+2.9663,-14.6008
+2.9667,-14.0622
+2.9671,-13.3598
+2.9674,-12.4323
+2.9678,-11.0844
+2.9683,-9.27822
+2.9687,-7.83745
+2.9691,-6.34053
+2.9694,-4.89866
+2.9699,-3.8671
+2.9703,-2.15027
+2.9707,-1.01105
+2.9711,-0.00594211
+2.9721,+0.965216
+2.9724,+1.51427
+2.9726,+1.79606
+2.9729,+1.88058
+2.9731,+2.33458
+2.9735,+2.13011
+2.9737,+1.96686
+2.9739,+1.7113
+2.9743,+1.66633
+2.9747,+1.44076
+2.9751,+1.16966
+2.9754,+1.10496
+2.9758,+1.08492
+2.9763,+1.04937
+2.9767,+0.779168
+2.9771,+1.17669
+2.9774,+1.45668
+2.9778,+1.81436
+2.9783,+2.37264
+2.9787,+3.30952
+2.9791,+4.24855
+2.9794,+5.49601
+2.9798,+6.75665
+2.9803,+8.20687
+2.9807,+9.83912
+2.9811,+11.3773
+2.9814,+12.7946
+2.9818,+14.0983
+2.9823,+15.1523
+2.9827,+15.8144
+2.9831,+16.292
+2.9834,+16.129
+2.9838,+15.6145
+2.9843,+14.8631
+2.9847,+13.2985
+2.9851,+11.4538
+2.9854,+9.06179
+2.9858,+6.27741
+2.9863,+3.01156
+2.9867,-0.694619
+2.9871,-4.93059
+2.9874,-9.11966
+2.9878,-13.6056
+2.9883,-18.0512
+2.9887,-22.5322
+2.9891,-26.9065
+2.9894,-30.8771
+2.9898,-34.5928
+2.9903,-37.4126
+2.9907,-38.802
+2.9911,-39.3211
+2.9914,-39.1258
+2.9918,-37.662
+2.9923,-35.6123
+2.9927,-32.1812
+2.9931,-28.0187
+2.9934,-23.254
+2.9938,-17.7639
+2.9943,-12.0842
+2.9947,-6.86196
+2.9951,-1.37163
+2.9954,+3.77544
+2.9958,+8.34006
+2.9963,+12.4096
+2.9967,+15.6616
+2.9971,+18.2043
+2.9974,+20.1076
+2.9978,+21.3022
+2.9983,+22.0507
+2.9987,+22.1007
+2.9991,+21.4815
+2.9994,+20.5957
+2.9998,+19.5552
+3.0003,+18.3734
+3.0007,+16.9681
+3.0011,+15.7008
+3.0014,+14.384
+3.0018,+13.0754
+3.0023,+11.7456
+3.0027,+10.7656
+3.0031,+9.65281
+3.0034,+8.59555
+3.0038,+7.66391
+3.0043,+6.59225
+3.0047,+5.60293
+3.0051,+4.56451
+3.0054,+3.54294
+3.0058,+2.43442
+3.0063,+1.08257
+3.0067,-0.710486
+3.0071,-2.28489
+3.0074,-4.26112
+3.0078,-6.24945
+3.0083,-8.29459
+3.0087,-10.3875
+3.0091,-12.5658
+3.0094,-14.5738
+3.0098,-16.3345
+3.0103,-17.8801
+3.0107,-19.8322
+3.0111,-21.4944
+3.0114,-22.7222
+3.0118,-23.8463
+3.0123,-24.7473
+3.0127,-25.467
+3.0131,-26.0758
+3.0134,-26.8201
+3.0138,-27.3942
+3.0143,-28.234
+3.0147,-27.8551
+3.0151,-27.6975
+3.0154,-27.4111
+3.0158,-27.0551
+3.0163,-26.6529
+3.0167,-25.8908
+3.0171,-24.8164
+3.0175,-23.45
+3.0178,-21.8631
+3.0183,-19.736
+3.0187,-17.4574
+3.0191,-14.8015
+3.0194,-11.6426
+3.0198,-8.3434
+3.0203,-4.68303
+3.0207,-1.0627
+3.0211,+2.56503
+3.0214,+6.2849
+3.0218,+9.88401
+3.0223,+13.4897
+3.0227,+16.4735
+3.0231,+19.1724
+3.0234,+21.2868
+3.0238,+22.8299
+3.0243,+24.217
+3.0247,+25.0479
+3.0251,+25.4793
+3.0254,+25.4955
+3.0259,+25.1392
+3.0263,+24.3437
+3.0267,+23.2647
+3.0271,+21.8729
+3.0274,+20.4102
+3.0278,+18.937
+3.0283,+17.1417
+3.0287,+15.3288
+3.0291,+13.3082
+3.0294,+11.3589
+3.0298,+9.1726
+3.0303,+7.02714
+3.0307,+4.73805
+3.0311,+2.39679
+3.0314,-0.324232
+3.0318,-2.80338
+3.0323,-5.55905
+3.0327,-8.69097
+3.0331,-11.7323
+3.0334,-15.1791
+3.0338,-19.0045
+3.0343,-22.5323
+3.0347,-26.1482
+3.0351,-29.7149
+3.0354,-32.9381
+3.0358,-36.4042
+3.0363,-39.9268
+3.0367,-43.1321
+3.0371,-45.9235
+3.0374,-48.0849
+3.0378,-49.3802
+3.0383,-50.3387
+3.0387,-50.3371
+3.0391,-49.5293
+3.0394,-48.2498
+3.0398,-46.4062
+3.0403,-43.5106
+3.0407,-39.9529
+3.0411,-35.8862
+3.0414,-31.65
+3.0418,-26.9263
+3.0423,-22.3561
+3.0427,-17.6518
+3.0431,-12.8493
+3.0434,-7.88967
+3.0438,-2.87986
+3.0443,+2.01284
+3.0447,+6.96538
+3.0451,+11.4756
+3.0454,+16.2173
+3.0458,+20.6333
+3.0463,+24.7426
+3.0467,+28.2847
+3.0471,+31.2187
+3.0474,+33.4755
+3.0478,+35.2574
+3.0483,+36.4491
+3.0487,+36.9562
+3.0491,+36.8241
+3.0494,+35.6482
+3.0498,+34.0486
+3.0503,+32.0608
+3.0507,+29.5998
+3.0511,+26.5582
+3.0514,+23.4856
+3.0518,+19.9681
+3.0523,+16.1747
+3.0527,+12.5486
+3.0531,+8.63188
+3.0534,+4.75593
+3.0538,+0.712773
+3.0542,-2.96542
+3.0547,-6.87038
+3.0551,-10.5162
+3.0554,-13.8052
+3.0558,-17.1147
+3.0563,-20.0561
+3.0567,-23.0625
+3.0571,-25.6321
+3.0574,-27.8358
+3.0578,-29.5227
+3.0583,-31.2502
+3.0587,-32.5465
+3.0591,-32.5576
+3.0594,-33.1502
+3.0598,-32.7648
+3.0603,-31.7712
+3.0607,-30.212
+3.0611,-27.9922
+3.0614,-25.6333
+3.0618,-23.0418
+3.0623,-19.8048
+3.0627,-16.2526
+3.0631,-13.2019
+3.0634,-9.23251
+3.0638,-5.5537
+3.0642,-2.22582
+3.0647,+0.983879
+3.0651,+3.74214
+3.0654,+6.91706
+3.0659,+9.441
+3.0663,+11.5337
+3.0667,+13.4619
+3.0671,+14.5727
+3.0674,+15.1544
+3.0678,+15.4668
+3.0683,+15.4964
+3.0687,+15.1488
+3.0691,+14.5244
+3.0695,+13.3274
+3.0698,+12.3353
+3.0702,+11.0063
+3.0707,+9.83539
+3.0711,+8.78437
+3.0716,+8.03439
+3.0718,+7.24952
+3.0722,+6.84516
+3.0727,+6.46846
+3.0731,+6.26905
+3.0734,+6.36529
+3.0745,+6.58735
+3.0747,+7.21006
+3.0749,+7.73359
+3.0751,+8.49357
+3.0754,+9.13891
+3.0758,+10.03
+3.0763,+10.6903
+3.0767,+11.3707
+3.0771,+12.0305
+3.0774,+12.6116
+3.0778,+13.2374
+3.0782,+13.5756
+3.0787,+13.7943
+3.0791,+13.7771
+3.0794,+13.5867
+3.0798,+13.0999
+3.0802,+12.4263
+3.0807,+11.593
+3.0811,+10.6761
+3.0814,+9.47983
+3.0818,+7.87969
+3.0823,+6.10366
+3.0827,+4.16256
+3.0831,+2.26943
+3.0834,+0.698554
+3.0838,-0.984106
+3.0842,-2.70084
+3.0847,-4.71129
+3.0851,-6.76653
+3.0854,-8.7964
+3.0858,-10.6228
+3.0862,-12.2526
+3.0867,-13.0553
+3.0871,-14.2275
+3.0874,-15.5613
+3.0878,-16.4512
+3.0882,-16.5654
+3.0887,-16.5632
+3.0891,-16.0855
+3.0894,-15.2211
+3.0898,-14.0241
+3.0902,-12.4762
+3.0907,-11.2169
+3.0911,-8.97771
+3.0914,-6.63241
+3.0918,-4.16935
+3.0922,-2.02165
+3.0927,+0.770408
+3.0931,+3.47494
+3.0934,+6.15803
+3.0938,+8.58597
+3.0943,+10.8548
+3.0947,+12.633
+3.0951,+14.0354
+3.0954,+15.1991
+3.0958,+15.9232
+3.0963,+16.1215
+3.0967,+16.0396
+3.0971,+15.5282
+3.0974,+14.4178
+3.0978,+13.2513
+3.0982,+11.7214
+3.0987,+9.73358
+3.0991,+7.72068
+3.0994,+5.67727
+3.0998,+3.53874
+3.1002,+1.44598
+3.1007,-0.84929
+3.1011,-3.01255
+3.1014,-5.26379
+3.1019,-7.29069
+3.1023,-8.90818
+3.1027,-9.99223
+3.1032,-11.2413
+3.1034,-12.1904
+3.1037,-12.826
+3.1039,-13.0929
+3.1042,-13.0011
+3.1047,-12.555
+3.1051,-11.2435
+3.1054,-9.9486
+3.1058,-8.6392
+3.1062,-6.97098
+3.1067,-4.98501
+3.1071,-2.92699
+3.1074,-0.844387
+3.1078,+1.18004
+3.1082,+3.08451
+3.1087,+4.8872
+3.1091,+6.46593
+3.1094,+7.72996
+3.1098,+8.75238
+3.1102,+9.56325
+3.1107,+9.87669
+3.1111,+9.48786
+3.1115,+9.05559
+3.1118,+8.43656
+3.1123,+7.22758
+3.1127,+5.60245
+3.1131,+3.51064
+3.1134,+1.39499
+3.1138,-0.845085
+3.1142,-3.09871
+3.1147,-5.33322
+3.1151,-6.7211
+3.1155,-8.57019
+3.1158,-9.89947
+3.1163,-11.0862
+3.1167,-11.9278
+3.1171,-12.4811
+3.1174,-12.8796
+3.1178,-12.9914
+3.1182,-13.0901
+3.1187,-12.8434
+3.1191,-13.1364
+3.1194,-12.8747
+3.1198,-13.1226
+3.1202,-12.9958
+3.1207,-12.9086
+3.1211,-12.9035
+3.1214,-12.3911
+3.122,-12.1322
+3.1222,-12.1945
+3.1227,-12.582
+3.1231,-12.8271
+3.1234,-13.2424
+3.1238,-13.4192
+3.1242,-13.3498
+3.1247,-13.0927
+3.1251,-12.5581
+3.1254,-12.2149
+3.1259,-11.6641
+3.1262,-10.5695
+3.1267,-9.13543
+3.1271,-7.07385
+3.1274,-4.91075
+3.1278,-3.13211
+3.1282,-1.30989
+3.1287,+0.233542
+3.1291,+1.72802
+3.1294,+2.5857
+3.1298,+3.37549
+3.1302,+3.72689
+3.1307,+3.85532
+3.1311,+2.99643
+3.1314,+2.07007
+3.1318,+1.18682
+3.1323,-0.0999437
+3.1327,-1.32241
+3.1331,-2.93518
+3.1335,-4.26709
+3.1338,-5.61971
+3.1342,-6.81261
+3.1347,-8.08684
+3.1351,-8.95843
+3.1354,-9.52307
+3.1358,-10.2184
+3.1362,-10.8826
+3.1367,-11.5753
+3.1371,-12.1739
+3.1374,-12.5331
+3.1378,-12.8778
+3.1382,-13.1615
+3.1387,-13.2088
+3.1391,-13.5479
+3.1394,-14.1402
+3.1398,-13.6696
+3.1402,-13.4062
+3.1407,-12.812
+3.1411,-11.905
+3.1414,-11.0112
+3.1418,-9.9788
+3.1423,-8.69148
+3.1427,-7.19443
+3.1431,-5.2338
+3.1434,-3.37062
+3.1438,-2.07761
+3.1442,-0.599893
+3.1447,+0.91939
+3.1451,+2.31378
+3.1454,+3.13356
+3.1458,+3.9948
+3.1462,+4.47637
+3.1467,+4.51078
+3.1471,+4.19729
+3.1474,+3.81096
+3.1478,+3.12374
+3.1482,+2.66385
+3.1487,+1.77142
+3.1491,+0.905818
+3.1494,+0.0891785
+3.1498,-0.538119
+3.1502,-0.675372
+3.1504,-0.642343
+3.1507,-0.413117
+3.1511,+0.127718
+3.1514,+0.640044
+3.1518,+0.969427
+3.1536,+1.47358
+3.1538,+1.84369
+3.1541,+2.62171
+3.1543,+2.97014
+3.1546,+3.06087
+3.1548,+3.31976
+3.1551,+3.45941
+3.1554,+3.121
+3.1559,+2.88208
+3.1562,+2.69208
+3.1567,+2.43982
+3.1571,+2.18511
+3.1575,+1.72749
+3.1578,+1.42494
+3.1582,+0.987672
+3.1587,+0.125977
+3.1591,-0.804233
+3.1595,-1.65497
+3.1598,-2.57165
+3.1602,-3.62696
+3.1607,-4.75004
+3.1611,-6.54914
+3.1614,-8.58447
+3.1618,-10.7415
+3.1622,-13.106
+3.1627,-15.3526
+3.1631,-17.5241
+3.1634,-19.7392
+3.164,-21.7949
+3.1643,-23.6279
+3.1647,-25.364
+3.1651,-26.1636
+3.1655,-27.3093
+3.1658,-27.1214
+3.1662,-27.3394
+3.1668,-27.5181
+3.1671,-27.4668
+3.1675,-26.9109
+3.1678,-25.9854
+3.1682,-25.5182
+3.1687,-24.3809
+3.1691,-23.4457
+3.1695,-21.6295
+3.1698,-20.8859
+3.1702,-19.3363
+3.1707,-17.4786
+3.1711,-15.9123
+3.1714,-13.7913
+3.1718,-12.0357
+3.1722,-9.71231
+3.1727,-7.93438
+3.1731,-5.88678
+3.1735,-3.67493
+3.1738,-1.30713
+3.1742,+1.18055
+3.1747,+4.19732
+3.1751,+7.68666
+3.1754,+10.5421
+3.1759,+13.7477
+3.1769,+17.0868
+3.1771,+20.549
+3.1775,+23.9901
+3.1778,+27.1841
+3.1782,+30.0884
+3.1787,+32.5461
+3.1791,+34.1502
+3.1795,+34.9505
+3.1798,+35.3307
+3.1802,+34.9972
+3.1807,+33.9643
+3.1811,+32.1952
+3.1814,+29.7529
+3.1818,+26.9119
+3.1822,+23.2512
+3.1827,+19.5404
+3.1831,+15.4687
+3.1835,+11.5425
+3.184,+7.33659
+3.1843,+3.16924
+3.1847,-1.01068
+3.1851,-4.77554
+3.1855,-8.46641
+3.1858,-12.0556
+3.1862,-15.2523
+3.1867,-18.3126
+3.1871,-21.0941
+3.1874,-23.6346
+3.1878,-25.9438
+3.1882,-27.8577
+3.1887,-30.2207
+3.1891,-31.4591
+3.1894,-32.4239
+3.1898,-33.7173
+3.1902,-33.785
+3.1907,-34.5209
+3.1911,-34.1921
+3.1915,-33.4329
+3.1918,-33.1085
+3.1922,-32.5344
+3.1927,-30.3644
+3.1931,-29.7803
+3.1935,-28.8192
+3.1938,-26.503
+3.1942,-25.568
+3.1947,-23.6045
+3.1951,-22.2095
+3.1955,-20.7429
+3.1958,-18.3192
+3.1962,-15.6246
+3.1967,-13.4854
+3.1971,-10.672
+3.1974,-7.88021
+3.1978,-5.48884
+3.1982,-2.47166
+3.1987,+0.611695
+3.1991,+3.81842
+3.1995,+6.49142
+3.1998,+9.28966
+3.2002,+11.4519
+3.2007,+13.6593
+3.2011,+15.6148
+3.2015,+17.1621
+3.2018,+18.031
+3.2022,+18.5461
+3.2027,+18.4416
+3.2031,+17.3404
+3.2035,+16.3493
+3.2038,+14.386
+3.2042,+12.0162
+3.2047,+9.08173
+3.2051,+5.89415
+3.2055,+2.53128
+3.2059,-1.02823
+3.2062,-4.94167
+3.2067,-8.7224
+3.2071,-12.3113
+3.2074,-15.7116
+3.2078,-18.6596
+3.2082,-21.379
+3.2087,-23.7956
+3.2091,-26.0212
+3.2095,-27.8875
+3.2098,-29.1572
+3.2102,-29.7913
+3.2107,-30.722
+3.2111,-30.4359
+3.2115,-29.9881
+3.2118,-29.2838
+3.2122,-28.1589
+3.2127,-26.5241
+3.2131,-24.58
+3.2135,-22.3572
+3.2138,-20.1019
+3.2143,-17.8407
+3.2147,-14.6235
+3.2151,-12.038
+3.2155,-9.83304
+3.2159,-7.59035
+3.2162,-5.12416
+3.2167,-2.71031
+3.2171,-0.116908
+3.2175,+2.30524
+3.2178,+4.69524
+3.2183,+7.21837
+3.2187,+9.51712
+3.2191,+12.1334
+3.2195,+14.8513
+3.2198,+17.3904
+3.2202,+19.6216
+3.2207,+21.3743
+3.2211,+22.706
+3.2215,+23.7746
+3.2218,+24.7649
+3.2221,+25.1779
+3.2223,+25.1993
+3.2227,+24.4386
+3.2231,+23.1484
+3.2234,+21.7689
+3.2238,+19.7693
+3.2242,+17.8404
+3.2248,+15.5099
+3.2251,+13.2194
+3.2254,+10.3144
+3.2261,+7.33287
+3.2263,+4.02304
+3.2267,+1.17631
+3.2271,-1.74382
+3.2275,-4.94785
+3.2278,-8.00291
+3.2282,-11.4951
+3.2287,-14.5382
+3.2291,-18.0474
+3.2295,-21.1785
+3.2298,-24.1633
+3.2302,-26.8897
+3.2307,-30.0116
+3.2311,-32.5877
+3.2314,-34.506
+3.2318,-36.3058
+3.2322,-37.7792
+3.2327,-38.7118
+3.2331,-38.9403
+3.2335,-38.6842
+3.2338,-37.9391
+3.2342,-37.0641
+3.2347,-35.5072
+3.2351,-33.2447
+3.2355,-30.9101
+3.2359,-28.1436
+3.2362,-24.7822
+3.2367,-21.6639
+3.2371,-18.0174
+3.2375,-14.3969
+3.2378,-10.3449
+3.2383,-5.63132
+3.2388,-0.827733
+3.2391,+3.68704
+3.2395,+8.68788
+3.2399,+13.5272
+3.2403,+17.9015
+3.2407,+22.2828
+3.2417,+25.7816
+3.2419,+29.26
+3.2422,+31.8987
+3.2427,+33.8588
+3.2432,+34.8878
+3.2435,+35.1711
+3.2438,+34.3672
+3.2442,+33.1933
+3.2447,+31.8753
+3.2451,+29.7794
+3.2455,+27.6796
+3.2458,+25.0163
+3.2462,+22.1324
+3.2467,+18.9271
+3.2471,+16.0512
+3.2475,+13.1863
+3.2478,+10.154
+3.2482,+7.24975
+3.2487,+4.01548
+3.2491,+0.9113
+3.2495,-2.45804
+3.2498,-5.94695
+3.2502,-9.14135
+3.2507,-12.3298
+3.2511,-15.6323
+3.2515,-18.791
+3.2518,-21.7914
+3.2522,-24.612
+3.2527,-26.9832
+3.2531,-28.9936
+3.2535,-30.3212
+3.2538,-30.9837
+3.2542,-31.5449
+3.2547,-31.3209
+3.2551,-30.6677
+3.2555,-29.71
+3.2558,-28.2291
+3.2562,-26.5729
+3.2567,-24.7297
+3.2571,-22.2873
+3.2575,-20.1509
+3.2578,-18.645
+3.2582,-16.9592
+3.2587,-15.3371
+3.2591,-13.4236
+3.2595,-11.3266
+3.2598,-9.12675
+3.2602,-6.59939
+3.2607,-3.65401
+3.2611,-0.710057
+3.2615,+2.67144
+3.2618,+7.07213
+3.2622,+11.7463
+3.2627,+16.6523
+3.2631,+21.4055
+3.2635,+25.8949
+3.2638,+30.3028
+3.2642,+34.1486
+3.2647,+37.2714
+3.2651,+39.7186
+3.2655,+41.6279
+3.2658,+42.6054
+3.2662,+42.6129
+3.2667,+41.6963
+3.2671,+39.9557
+3.2675,+37.8166
+3.2678,+35.0474
+3.2682,+31.9551
+3.2687,+28.4666
+3.2691,+24.8001
+3.2695,+20.8083
+3.2698,+17.2237
+3.2702,+13.764
+3.2707,+10.5301
+3.2711,+7.16835
+3.2715,+3.90334
+3.2718,+0.66557
+3.2722,-2.27528
+3.2727,-4.84845
+3.2731,-7.42276
+3.2735,-9.57338
+3.2738,-11.8194
+3.2742,-13.0293
+3.2747,-14.6226
+3.2751,-15.4136
+3.2755,-16.1121
+3.2759,-16.1315
+3.2762,-16.3241
+3.2767,-16.2462
+3.2771,-15.2664
+3.2775,-14.2055
+3.2778,-13.1427
+3.2782,-12.6287
+3.2793,-11.5898
+3.2795,-10.7137
+3.2798,-9.57228
+3.2803,-8.28363
+3.2807,-7.04558
+3.2811,-5.88221
+3.2815,-5.13681
+3.2818,-3.89552
+3.2822,-2.60985
+3.2827,-1.77222
+3.2831,-0.282085
+3.2835,+1.13571
+3.2838,+2.0311
+3.2842,+2.71549
+3.2847,+3.86236
+3.2851,+4.97101
+3.2855,+6.00993
+3.2859,+6.41441
+3.2864,+6.72194
+3.2867,+7.32275
+3.2871,+6.99555
+3.2875,+6.37903
+3.2878,+6.21051
+3.2882,+5.60569
+3.2887,+4.83903
+3.2891,+4.01678
+3.2895,+2.61993
+3.2898,+1.13577
+3.2902,-0.414337
+3.2907,-2.13715
+3.2911,-3.55213
+3.2915,-4.28332
+3.2918,-5.18703
+3.2922,-5.98901
+3.2927,-6.76229
+3.2931,-7.72622
+3.2935,-8.27163
+3.2938,-8.42345
+3.2942,-8.3403
+3.2947,-8.08323
+3.2951,-7.8202
+3.2955,-7.91006
+3.2958,-7.87499
+3.2963,-7.54364
+3.2967,-7.30253
+3.2971,-6.69284
+3.2975,-5.87537
+3.2978,-4.97049
+3.2982,-4.26861
+3.2987,-3.23564
+3.2991,-1.69729
+3.2995,-0.102376
+3.2998,+1.70436
+3.3002,+3.45943
+3.3007,+5.58359
+3.3011,+7.7697
+3.3015,+9.7664
+3.3018,+11.427
+3.3022,+13.3042
+3.3027,+14.8402
+3.3031,+15.7402
+3.3035,+16.3943
+3.3038,+16.3815
+3.3042,+16.1015
+3.3047,+15.5362
+3.3051,+14.0411
+3.3055,+12.4928
+3.3059,+10.8766
+3.3063,+9.00772
+3.3067,+6.87312
+3.3071,+4.73477
+3.3075,+2.53939
+3.3078,+0.577484
+3.3082,-1.3474
+3.3087,-3.68581
+3.3091,-5.45028
+3.3095,-7.45512
+3.3098,-9.27148
+3.3102,-11.0593
+3.3107,-12.5168
+3.3111,-13.3646
+3.3115,-14.7998
+3.3118,-15.3401
+3.3122,-16.0301
+3.3127,-16.2936
+3.3131,-16.4315
+3.3135,-16.206
+3.3138,-16.0613
+3.3142,-15.8371
+3.3147,-15.5323
+3.3151,-15.8514
+3.3155,-15.1542
+3.3158,-15.1949
+3.3163,-14.9508
+3.3167,-14.6723
+3.3171,-14.4053
+3.3175,-13.937
+3.3178,-13.2993
+3.3182,-12.7413
+3.3187,-12.4934
+3.3191,-11.7306
+3.3195,-11.3155
+3.3197,-10.8682
+3.32,-10.6208
+3.3202,-10.3716
+3.3207,-9.98614
+3.3211,-9.80259
+3.3215,-10.3004
+3.3218,-10.6897
+3.3222,-10.7378
+3.3227,-11.1858
+3.3231,-11.6167
+3.3235,-11.6543
+3.3238,-11.8727
+3.3242,-12.3326
+3.3247,-12.2156
+3.3251,-12.8372
+3.3255,-12.93
+3.3259,-12.4435
+3.3262,-12.7127
+3.3267,-12.5209
+3.3271,-12.7343
+3.3275,-13.5387
+3.3278,-13.4408
+3.3282,-13.6118
+3.3286,-13.9905
+3.3291,-14.0487
+3.3295,-13.8673
+3.3298,-13.704
+3.3302,-12.9291
+3.3306,-12.1977
+3.3311,-10.8659
+3.3315,-9.03778
+3.3318,-7.75138
+3.3322,-5.9154
+3.3326,-4.18893
+3.3331,-2.0621
+3.3335,+0.136769
+3.3338,+1.55838
+3.3342,+3.51817
+3.3346,+5.30427
+3.3351,+7.09419
+3.3353,+8.50584
+3.3356,+10.2721
+3.3361,+11.9174
+3.3365,+13.2995
+3.3367,+14.7981
+3.3371,+15.9536
+3.3375,+17.4294
+3.338,+18.2491
+3.3382,+18.9608
+3.3387,+19.4088
+3.3391,+20.0465
+3.3395,+19.827
+3.3398,+19.4783
+3.3402,+18.92
+3.3407,+17.7589
+3.3411,+16.4336
+3.3415,+14.8419
+3.3418,+12.9125
+3.3422,+10.7357
+3.3427,+8.44305
+3.3431,+5.58998
+3.3435,+2.9143
+3.3438,+0.174652
+3.3442,-2.63839
+3.3447,-4.67529
+3.3451,-6.79404
+3.3455,-9.62776
+3.3459,-11.5803
+3.3462,-13.6868
+3.3467,-15.7433
+3.3471,-17.1561
+3.3475,-18.4974
+3.3478,-19.487
+3.3482,-20.1863
+3.3487,-20.9506
+3.3491,-21.2194
+3.3495,-20.3997
+3.3498,-20.4206
+3.3502,-19.3911
+3.3507,-18.1046
+3.3511,-16.7457
+3.3515,-14.9522
+3.3518,-12.9019
+3.3522,-10.455
+3.3526,-7.90388
+3.3531,-5.2256
+3.3535,-2.09829
+3.3538,+1.66651
+3.3542,+5.31708
+3.3546,+9.07261
+3.3551,+13.1949
+3.3555,+17.2149
+3.3559,+21.2611
+3.3562,+25.0491
+3.3567,+28.5316
+3.3571,+32.0237
+3.3575,+34.7682
+3.3578,+37.4501
+3.3582,+39.6118
+3.3587,+41.3444
+3.3591,+42.4347
+3.3595,+43.1298
+3.3598,+43.1841
+3.3602,+42.6056
+3.3606,+41.8051
+3.3611,+40.2081
+3.3615,+38.2724
+3.3618,+35.9472
+3.3622,+33.197
+3.3626,+30.406
+3.3631,+27.238
+3.3635,+24.1148
+3.3638,+20.7526
+3.3642,+17.5061
+3.3646,+14.0509
+3.3651,+10.8443
+3.3655,+7.65583
+3.3659,+4.73003
+3.3663,+1.81755
+3.3667,-1.02337
+3.3671,-3.68824
+3.3675,-6.17811
+3.3678,-8.2963
+3.3682,-10.0633
+3.3687,-11.3635
+3.3691,-13.0761
+3.3695,-13.6887
+3.3698,-14.6352
+3.3702,-15.1284
+3.3707,-15.2265
+3.3711,-14.9378
+3.3715,-14.4145
+3.3718,-13.5092
+3.3722,-12.725
+3.3726,-11.4876
+3.3731,-9.85117
+3.3735,-8.62543
+3.3738,-6.8176
+3.3742,-4.85183
+3.3746,-2.74058
+3.3751,-0.695712
+3.3755,+1.3873
+3.3759,+3.26844
+3.3762,+5.3401
+3.3767,+6.79354
+3.3771,+8.56353
+3.3775,+10.1773
+3.3778,+11.1978
+3.3782,+11.8062
+3.3787,+11.8765
+3.3791,+11.7315
+3.3795,+11.0149
+3.3798,+10.013
+3.3802,+8.78392
+3.3806,+7.27317
+3.3817,+5.25954
+3.382,+2.97687
+3.3823,+0.996884
+3.3826,-1.2548
+3.3831,-3.5225
+3.3835,-6.01693
+3.3838,-8.39124
+3.3842,-10.504
+3.3846,-12.436
+3.3851,-14.2599
+3.3855,-15.455
+3.3858,-16.6294
+3.3862,-17.2721
+3.3867,-17.9641
+3.3871,-17.9882
+3.3875,-17.7413
+3.3878,-17.1864
+3.3882,-16.605
+3.3886,-15.9037
+3.3891,-14.804
+3.3895,-14.3876
+3.3898,-13.582
+3.3902,-12.588
+3.3906,-11.0711
+3.3911,-10.2096
+3.3915,-8.66287
+3.3918,-7.4667
+3.3922,-6.17653
+3.3926,-4.88194
+3.3931,-3.70356
+3.3935,-1.63208
+3.3938,-0.0440424
+3.3942,+1.10177
+3.3946,+2.10344
+3.3951,+3.34375
+3.3955,+3.93018
+3.3958,+4.87485
+3.3962,+5.46557
+3.3967,+5.70162
+3.3971,+5.6888
+3.3975,+5.073
+3.3978,+4.53142
+3.3982,+3.7411
+3.3986,+2.60638
+3.3991,+1.18064
+3.3995,-0.426728
+3.3998,-2.36842
+3.4002,-3.65614
+3.4006,-5.12802
+3.4011,-7.14799
+3.4015,-8.66555
+3.4018,-10.2026
+3.4022,-11.6077
+3.4026,-13.1882
+3.4031,-14.0197
+3.4035,-14.7356
+3.4038,-15.0332
+3.4042,-15.9983
+3.4046,-16.3629
+3.4051,-15.7285
+3.4055,-15.187
+3.4058,-14.3551
+3.4062,-13.762
+3.4066,-12.0119
+3.4072,-10.6277
+3.4075,-8.74711
+3.4078,-7.34869
+3.4082,-5.7834
+3.4086,-4.04975
+3.4091,-2.537
+3.4095,-0.988885
+3.4098,+0.626852
+3.4102,+2.66373
+3.4106,+4.1588
+3.4111,+5.58817
+3.4115,+6.66493
+3.4118,+8.11183
+3.4122,+9.75076
+3.4126,+10.8555
+3.4131,+11.9839
+3.4135,+12.7246
+3.4138,+13.5065
+3.4142,+13.7556
+3.4146,+13.9657
+3.4151,+13.8982
+3.4155,+13.4051
+3.4158,+12.6805
+3.4162,+11.7041
+3.4167,+10.4473
+3.4171,+8.71003
+3.4175,+7.24105
+3.4178,+5.24951
+3.4182,+3.71368
+3.4187,+1.28273
+3.4191,-1.12327
+3.4195,-2.8436
+3.4198,-5.03985
+3.4202,-6.73636
+3.4206,-8.70412
+3.4208,-10.2995
+3.4211,-12.0432
+3.4215,-13.58
+3.4218,-15.1605
+3.4222,-15.7018
+3.4226,-16.1282
+3.4231,-16.876
+3.4235,-16.6684
+3.4238,-16.7657
+3.4242,-16.1249
+3.4246,-15.3008
+3.4251,-14.1836
+3.4255,-12.9546
+3.4259,-11.4741
+3.4262,-10.2565
+3.4266,-8.85013
+3.4271,-7.19552
+3.4275,-5.9444
+3.4278,-4.78113
+3.4282,-3.1472
+3.4286,-1.84068
+3.4292,-0.798726
+3.4295,+0.247123
+3.4298,+1.16302
+3.4302,+2.13888
+3.4306,+2.90872
+3.4311,+3.35205
+3.4315,+3.67164
+3.4318,+3.85453
+3.4322,+3.34755
+3.4326,+3.33639
+3.4331,+2.72975
+3.4335,+1.96923
+3.4338,+0.788361
+3.4342,-0.249174
+3.4346,-1.27509
+3.4349,-2.3949
+3.4351,-3.40878
+3.4355,-4.74201
+3.4359,-6.2584
+3.4362,-8.07655
+3.4366,-9.51728
+3.4371,-10.8413
+3.4376,-11.9934
+3.4379,-13.4264
+3.4382,-15.047
+3.4386,-16.1808
+3.4391,-17.3183
+3.4395,-17.743
+3.4398,-18.6222
+3.4402,-18.7228
+3.4406,-19.1167
+3.4411,-19.5002
+3.4415,-19.5411
+3.4418,-19.4668
+3.4422,-19.1449
+3.4426,-18.7909
+3.4431,-18.4968
+3.4435,-18.3074
+3.4438,-17.1552
+3.4442,-16.7203
+3.4446,-15.5817
+3.4451,-14.3879
+3.4455,-13.3236
+3.4458,-12.2531
+3.4462,-11.0541
+3.4466,-10.0995
+3.4471,-9.03415
+3.4475,-8.13866
+3.4478,-7.37938
+3.4482,-6.63854
+3.4486,-6.20638
+3.4491,-5.89763
+3.4495,-5.22507
+3.4498,-5.12286
+3.4502,-5.05012
+3.4506,-4.59748
+3.4511,-4.46159
+3.4515,-4.09603
+3.4518,-3.93463
+3.4522,-3.45905
+3.4527,-2.89009
+3.4531,-2.28125
+3.4535,-1.79392
+3.4538,-1.127
+3.4542,+0.0814962
+3.4546,+0.793952
+3.4551,+2.04835
+3.4555,+2.92794
+3.4558,+4.32997
+3.4562,+5.32853
+3.4566,+6.3065
+3.4571,+7.58899
+3.4575,+8.54613
+3.458,+9.7648
+3.4582,+10.4469
+3.4586,+11.1183
+3.4591,+11.6699
+3.4595,+12.2812
+3.4599,+12.5336
+3.4602,+12.8293
+3.4606,+12.7571
+3.4611,+12.2703
+3.4615,+11.947
+3.4618,+11.4618
+3.4622,+10.6741
+3.4626,+9.74002
+3.4631,+8.56192
+3.4635,+7.20932
+3.4638,+5.73938
+3.4642,+4.4374
+3.4646,+2.90794
+3.4651,+1.37271
+3.4655,-0.553254
+3.4658,-2.19253
+3.4662,-4.02228
+3.4666,-5.76715
+3.4671,-6.97684
+3.4675,-8.55125
+3.4678,-10.0585
+3.4682,-11.7652
+3.4686,-13.0741
+3.4691,-14.1435
+3.4695,-15.1205
+3.4699,-16.0609
+3.4702,-16.7661
+3.4706,-17.2342
+3.4711,-17.9648
+3.4715,-17.8061
+3.4719,-17.7323
+3.4722,-17.527
+3.4726,-16.8563
+3.4731,-16.337
+3.4735,-15.3608
+3.4738,-14.2878
+3.4742,-13.026
+3.4746,-11.6227
+3.4751,-10.3562
+3.4755,-9.17368
+3.4758,-7.72077
+3.4762,-6.38055
+3.4766,-5.13604
+3.4771,-3.6665
+3.4775,-2.41095
+3.4779,-1.5658
+3.4782,-0.634574
+3.4786,+0.249174
+3.4791,+1.32063
+3.4795,+1.95481
+3.4799,+2.70858
+3.4802,+3.37216
+3.4806,+3.9648
+3.4811,+4.21994
+3.4815,+4.39805
+3.4818,+4.66183
+3.4822,+4.88645
+3.4826,+4.35385
+3.4831,+4.11823
+3.4841,+4.05394
+3.4845,+3.73844
+3.4849,+3.38756
+3.4851,+3.02739
+3.4855,+2.75969
+3.4858,+2.49866
+3.4862,+2.31372
+3.4866,+2.09056
+3.4871,+2.53379
+3.4875,+2.6198
+3.4878,+2.73051
+3.4883,+2.85682
+3.4887,+3.05657
+3.4891,+3.24161
+3.4895,+3.74293
+3.4898,+3.9379
+3.4902,+4.22229
+3.4906,+4.30246
+3.4911,+4.22272
+3.4915,+3.95524
+3.4918,+3.76165
+3.4922,+3.39964
+3.4926,+2.75472
+3.4931,+2.08671
+3.4935,+0.782503
+3.4938,-0.482557
+3.4942,-1.38387
+3.4946,-2.73229
+3.4951,-3.91262
+3.4955,-5.0383
+3.4958,-6.6537
+3.4962,-8.14313
+3.4966,-9.4688
+3.4971,-10.9625
+3.4975,-12.0644
+3.4978,-13.0304
+3.4982,-14.2645
+3.4986,-14.9773
+3.4991,-15.6663
+3.4995,-16.1254
+3.4998,-15.9441
+3.5002,-15.5151
+3.5006,-14.7887
+3.5011,-13.5732
+3.5015,-12.1881
+3.5018,-10.3916
+3.5022,-8.79713
+3.5026,-6.89449
+3.5031,-4.93635
+3.5035,-2.64081
+3.5039,-0.383069
+3.5042,+1.42768
+3.5046,+3.26511
+3.5051,+4.89003
+3.5055,+6.21169
+3.5058,+7.12884
+3.5062,+7.58702
+3.5066,+7.67096
+3.5071,+7.39315
+3.5075,+6.63639
+3.5078,+5.55116
+3.5084,+4.18569
+3.5086,+2.57431
+3.5091,+0.727108
+3.5095,-0.86829
+3.5098,-2.19507
+3.5102,-3.09407
+3.5106,-3.84805
+3.5111,-4.31792
+3.5115,-4.62737
+3.5118,-4.56507
+3.5122,-3.94619
+3.5126,-2.73301
+3.5131,-1.33687
+3.5135,+0.324202
+3.5138,+1.67295
+3.5142,+3.24655
+3.5146,+4.97656
+3.5151,+6.46766
+3.5155,+7.69007
+3.5158,+8.71704
+3.5162,+9.27492
+3.5166,+9.2972
+3.5171,+8.99622
+3.5175,+7.79912
+3.5178,+6.39575
+3.5182,+4.61191
+3.5186,+2.39223
+3.5191,+0.0924686
+3.5195,-2.61584
+3.5199,-5.53826
+3.5202,-8.13079
+3.5206,-10.9758
+3.5211,-13.6701
+3.5215,-15.8786
+3.5218,-17.3428
+3.5222,-18.384
+3.5226,-18.8581
+3.5231,-19.6457
+3.5235,-19.4002
+3.5238,-18.5453
+3.5242,-17.4529
+3.5246,-16.0256
+3.5251,-14.2414
+3.5255,-11.7952
+3.5258,-9.65539
+3.5262,-7.65124
+3.5266,-6.02689
+3.5271,-3.91822
+3.5275,-2.43175
+3.5278,-1.34654
+3.5282,-0.697355
+3.5286,-0.0591032
+3.5291,+0.146194
+3.5295,-0.480514
+3.5299,-1.43182
+3.5302,-2.67514
+3.5306,-4.00511
+3.5311,-5.53163
+3.5315,-7.21306
+3.5318,-8.97766
+3.5322,-10.6385
+3.5326,-11.982
+3.5331,-13.0436
+3.5335,-14.2762
+3.5338,-14.8609
+3.5342,-15.2324
+3.5346,-15.1875
+3.5351,-15.003
+3.5355,-14.3827
+3.5359,-13.9143
+3.5362,-12.7903
+3.5366,-11.8367
+3.5371,-11.0255
+3.5375,-9.71677
+3.5378,-8.70426
+3.5382,-7.90532
+3.5387,-6.96588
+3.5391,-5.86807
+3.5395,-5.10937
+3.5398,-3.90253
+3.5402,-3.2699
+3.5406,-2.72766
+3.5411,-2.21522
+3.5415,-1.91633
+3.5418,-1.86545
+3.5422,-1.47977
+3.5426,-1.43771
+3.5431,-1.85729
+3.5435,-2.24693
+3.5438,-2.48893
+3.5442,-2.98734
+3.5446,-3.45348
+3.5451,-3.88408
+3.5455,-4.34636
+3.5459,-4.20173
+3.5462,-4.51963
+3.5466,-4.91726
+3.5471,-4.87193
+3.5475,-4.62677
+3.5478,-4.63918
+3.5482,-4.43487
+3.5486,-4.18566
+3.5491,-3.52777
+3.5495,-3.09422
+3.5498,-3.19903
+3.5502,-2.70665
+3.5506,-2.28954
+3.5511,-2.12208
+3.5515,-1.68345
+3.5519,-1.42409
+3.5522,-1.08526
+3.5526,-1.04588
+3.5531,-1.65834
+3.5535,-2.1947
+3.5538,-2.81576
+3.5542,-3.71912
+3.5546,-4.64871
+3.5551,-5.13421
+3.5555,-6.36944
+3.5559,-7.59327
+3.5562,-9.02637
+3.5566,-11.0775
+3.5571,-12.762
+3.5575,-14.5626
+3.5578,-15.7031
+3.5582,-17.4165
+3.5586,-18.0923
+3.5591,-19.215
+3.5595,-20.5277
+3.5598,-21.377
+3.5602,-22.0664
+3.5606,-21.7988
+3.5611,-21.293
+3.5615,-20.0389
+3.5618,-19.0977
+3.5622,-17.224
+3.5626,-15.9261
+3.5631,-14.1269
+3.5635,-11.397
+3.5639,-8.78609
+3.5642,-5.99465
+3.5646,-2.98395
+3.5651,-0.19841
+3.5655,+2.35141
+3.5659,+4.87457
+3.5662,+7.03997
+3.5666,+9.07428
+3.5671,+10.5625
+3.5675,+11.4789
+3.5679,+12.0539
+3.5682,+12.2704
+3.5686,+11.8874
+3.5691,+11.1111
+3.5695,+9.81596
+3.5698,+8.09668
+3.5702,+6.15525
+3.5706,+3.69073
+3.5711,+1.08552
+3.5715,-1.61202
+3.5719,-4.62466
+3.5722,-7.50794
+3.5726,-10.4047
+3.5731,-13.4539
+3.5735,-16.3753
+3.5739,-19.0672
+3.5742,-21.7036
+3.5746,-24.0364
+3.5751,-26.1012
+3.5755,-27.9099
+3.5758,-29.3474
+3.5762,-29.7165
+3.5766,-30.5467
+3.5771,-30.2402
+3.5775,-30.0508
+3.5779,-29.0635
+3.5782,-28.2024
+3.5786,-26.9744
+3.5791,-25.4463
+3.5795,-23.3364
+3.5798,-21.1242
+3.5802,-19.3067
+3.5806,-16.4928
+3.5811,-13.8965
+3.5815,-10.6089
+3.5819,-7.78566
+3.5822,-4.43618
+3.5826,-1.12027
+3.5831,+2.46259
+3.5835,+5.55552
+3.5839,+8.66098
+3.5842,+11.4717
+3.5846,+13.8886
+3.5851,+15.8246
+3.5855,+17.2598
+3.5865,+18.0461
+3.5867,+18.4192
+3.587,+18.174
+3.5875,+17.1891
+3.5879,+16.1231
+3.5882,+14.4878
+3.5886,+12.5935
+3.5891,+10.1827
+3.5895,+7.77422
+3.5899,+5.26627
+3.5902,+2.85283
+3.5906,+0.489077
+3.5911,-2.1265
+3.5915,-4.25889
+3.5918,-6.41842
+3.5922,-8.08081
+3.5926,-9.93996
+3.5931,-11.5782
+3.5935,-13.2477
+3.5939,-14.7489
+3.5942,-15.6185
+3.5946,-16.6282
+3.5951,-16.8444
+3.5955,-17.1169
+3.5959,-17.2409
+3.5962,-17.2326
+3.5966,-16.9601
+3.597,-16.2091
+3.5975,-15.3537
+3.5979,-14.2424
+3.5982,-13.0998
+3.5986,-11.7878
+3.5991,-10.3569
+3.5995,-8.9435
+3.5999,-7.75165
+3.6002,-6.27388
+3.6006,-5.159
+3.6011,-3.93186
+3.6015,-2.87518
+3.6018,-2.10693
+3.6022,-1.47385
+3.6026,-0.865497
+3.6031,-0.550965
+3.6035,-0.478441
+3.6038,-0.3332
+3.6042,-0.838734
+3.6046,-0.845053
+3.605,-1.34572
+3.6055,-1.99
+3.6059,-2.33263
+3.6062,-2.89943
+3.6067,-3.5213
+3.6072,-4.19751
+3.6074,-5.09387
+3.6076,-6.10661
+3.6079,-6.98242
+3.6082,-8.1331
+3.6086,-9.25899
+3.6091,-9.96338
+3.6095,-10.7998
+3.6098,-11.196
+3.6102,-11.4655
+3.6106,-12.1201
+3.6111,-12.4678
+3.6115,-12.032
+3.6119,-11.8967
+3.6122,-11.6102
+3.6126,-10.4885
+3.613,-9.75231
+3.6135,-9.05283
+3.6139,-8.89716
+3.6142,-8.33887
+3.6146,-7.73141
+3.615,-6.6224
+3.6155,-6.18603
+3.6159,-5.44301
+3.6162,-5.33652
+3.6166,-5.28523
+3.617,-5.10354
+3.6175,-5.3577
+3.6178,-5.18851
+3.6182,-5.50164
+3.6186,-5.85705
+3.6191,-6.70672
+3.6195,-7.60836
+3.6198,-8.35584
+3.6202,-8.67355
+3.6206,-9.39116
+3.621,-9.85669
+3.6215,-9.77477
+3.6219,-9.96172
+3.6222,-10.165
+3.6226,-9.70925
+3.623,-9.47244
+3.6233,-8.8642
+3.6235,-7.95054
+3.6239,-7.119
+3.6242,-6.45181
+3.6246,-5.84752
+3.6251,-5.30264
+3.6255,-4.81811
+3.6259,-4.28317
+3.6262,-4.18995
+3.6266,-4.01804
+3.627,-4.09935
+3.6275,-4.75808
+3.6278,-5.35157
+3.6282,-6.20118
+3.6286,-6.66633
+3.629,-7.44847
+3.6295,-8.73823
+3.6299,-9.47431
+3.6302,-10.5797
+3.6306,-11.1125
+3.631,-11.8863
+3.6315,-12.949
+3.6318,-13.3576
+3.6322,-14.0516
+3.6326,-15.2795
+3.633,-15.641
+3.6335,-15.432
+3.6339,-15.6464
+3.6342,-15.2399
+3.6346,-15.3932
+3.635,-15.288
+3.6355,-14.8077
+3.6359,-14.7228
+3.6362,-14.4193
+3.6366,-13.9476
+3.637,-14.1707
+3.6375,-14.3561
+3.6379,-14.4861
+3.6382,-14.6215
+3.6386,-14.3231
+3.639,-14.2568
+3.6395,-13.8977
+3.6399,-13.5907
+3.6404,-12.7833
+3.6406,-12.3959
+3.641,-11.6402
+3.6415,-10.6872
+3.6419,-10.0305
+3.6422,-9.57736
+3.6426,-9.55849
+3.643,-9.16947
+3.6435,-9.15691
+3.6439,-9.04322
+3.6442,-9.1815
+3.6446,-9.27376
+3.645,-9.76588
+3.6455,-10.1977
+3.6459,-10.7776
+3.6462,-11.1428
+3.6466,-11.4823
+3.647,-11.8513
+3.6475,-11.9741
+3.6479,-12.143
+3.6482,-12.0361
+3.6486,-11.6335
+3.649,-10.9891
+3.6495,-10.5334
+3.6499,-9.39631
+3.6502,-8.34444
+3.6506,-7.0061
+3.651,-5.57805
+3.6517,-4.11162
+3.652,-2.87201
+3.6525,-1.78346
+3.653,-0.613872
+3.6532,+0.550362
+3.6536,+1.39667
+3.6539,+1.67334
+3.6542,+1.84434
+3.6546,+1.91685
+3.655,+1.78753
+3.6555,+1.41567
+3.6559,+1.01538
+3.6562,+0.41839
+3.6566,-0.517231
+3.657,-1.48945
+3.6575,-2.2932
+3.6579,-2.90279
+3.6582,-3.51222
+3.6586,-4.4343
+3.659,-5.26004
+3.6595,-5.9867
+3.6599,-6.28796
+3.6602,-6.39329
+3.6606,-6.14989
+3.661,-6.15058
+3.6615,-5.78148
+3.6619,-5.16406
+3.6622,-4.65444
+3.6626,-3.78333
+3.663,-2.72773
+3.6632,-1.89013
+3.6635,-0.986484
+3.6639,+0.101454
+3.6641,+1.11736
+3.6644,+2.43575
+3.6647,+3.60285
+3.665,+4.57217
+3.6655,+6.05674
+3.6659,+7.53612
+3.6663,+8.61258
+3.6666,+10.1774
+3.667,+11.3311
+3.6675,+12.33
+3.6679,+13.1414
+3.6683,+13.8224
+3.6687,+14.2875
+3.669,+14.3707
+3.6695,+14.0593
+3.6699,+13.5183
+3.6703,+12.7894
+3.6708,+11.688
+3.6711,+10.5855
+3.6715,+9.30129
+3.6719,+7.82126
+3.6723,+6.16477
+3.6726,+4.32362
+3.673,+2.72266
+3.6735,+1.10417
+3.6739,-0.450053
+3.6743,-2.08298
+3.6746,-3.68584
+3.675,-5.37724
+3.6755,-6.4823
+3.6759,-7.47175
+3.6763,-8.45386
+3.6766,-9.13679
+3.677,-10.0308
+3.6775,-10.7586
+3.6779,-12.19
+3.6782,-13.4291
+3.6786,-13.881
+3.679,-14.755
+3.6795,-15.6428
+3.6799,-16.229
+3.6803,-16.4534
+3.6806,-17.2593
+3.681,-17.6366
+3.6815,-18.0241
+3.6819,-17.3131
+3.6823,-16.4259
+3.6826,-15.8479
+3.683,-14.6027
+3.6835,-13.6032
+3.6839,-12.6769
+3.6843,-11.8036
+3.6846,-10.2748
+3.685,-8.60316
+3.6855,-7.08448
+3.6859,-5.63436
+3.6862,-4.18982
+3.6866,-3.04207
+3.687,-1.88928
+3.6875,-0.67719
+3.6879,+0.691998
+3.6889,+1.58196
+3.6892,+3.01585
+3.6895,+3.94717
+3.6899,+5.50738
+3.6903,+6.92001
+3.6908,+8.43285
+3.6911,+9.95874
+3.6915,+11.4089
+3.6919,+12.5047
+3.6923,+13.4002
+3.6926,+14.4793
+3.6931,+15.0565
+3.6935,+15.5595
+3.6939,+15.5879
+3.6943,+15.1539
+3.6946,+14.5111
+3.695,+13.7122
+3.6955,+12.8299
+3.6959,+11.8692
+3.6963,+10.7537
+3.6966,+9.68335
+3.697,+8.32152
+3.6975,+6.93736
+3.6979,+5.2527
+3.6982,+3.67135
+3.6986,+2.17708
+3.699,+0.648072
+3.6995,-1.01199
+3.6999,-2.62467
+3.7003,-4.33485
+3.7007,-5.93417
+3.7011,-7.70477
+3.7015,-9.21658
+3.7019,-10.4369
+3.7023,-11.4225
+3.7026,-12.6406
+3.703,-13.5073
+3.7035,-14.0267
+3.7039,-14.2675
+3.7043,-14.1955
+3.7046,-13.8391
+3.705,-12.9828
+3.7055,-12.0828
+3.7059,-11.0944
+3.7063,-10.1752
+3.7066,-9.04433
+3.707,-7.7606
+3.7075,-6.80178
+3.7079,-5.76863
+3.7083,-4.72622
+3.7086,-3.88836
+3.709,-3.35159
+3.7095,-2.64843
+3.7099,-2.0077
+3.7102,-1.23515
+3.7106,-0.666881
+3.711,-0.391252
+3.7115,+0.278454
+3.7119,+0.430078
+3.7123,+0.712914
+3.7126,+1.32073
+3.713,+2.15766
+3.7132,+2.36537
+3.7135,+2.99362
+3.7139,+3.79821
+3.7143,+4.93015
+3.7146,+5.82031
+3.715,+6.72801
+3.7155,+7.90454
+3.7159,+8.93864
+3.7163,+9.5028
+3.7166,+10.0311
+3.717,+10.9772
+3.7175,+11.4615
+3.7179,+11.5382
+3.7183,+11.5946
+3.7186,+11.9823
+3.719,+12.1546
+3.7195,+12.5039
+3.7199,+12.6316
+3.7202,+12.9124
+3.7206,+12.987
+3.7211,+13.1031
+3.7215,+13.2941
+3.7219,+13.5192
+3.7223,+13.4501
+3.7226,+13.3135
+3.723,+13.149
+3.7235,+12.8534
+3.7239,+12.5109
+3.7242,+11.9902
+3.7246,+11.5811
+3.725,+11.185
+3.7255,+10.7473
+3.7259,+10.5498
+3.7262,+10.4511
+3.7266,+10.1486
+3.727,+9.74288
+3.7275,+9.66609
+3.7279,+9.6401
+3.7282,+9.66005
+3.7286,+9.76353
+3.729,+9.73944
+3.7295,+9.68259
+3.7297,+9.48625
+3.7299,+9.41662
+3.7302,+9.30697
+3.7306,+9.40547
+3.731,+9.12446
+3.7315,+8.95189
+3.7318,+8.68978
+3.7322,+8.53439
+3.7326,+8.37342
+3.733,+8.11167
+3.7335,+7.77389
+3.7339,+7.32563
+3.7342,+6.88234
+3.7346,+6.12968
+3.735,+5.02692
+3.7355,+3.93324
+3.7359,+3.09555
+3.7362,+1.71135
+3.7366,+0.482242
+3.737,-0.812607
+3.7375,-2.10801
+3.7379,-3.34446
+3.7382,-4.34074
+3.7386,-5.40415
+3.739,-5.79991
+3.7395,-6.19666
+3.7399,-6.67737
+3.7402,-6.82897
+3.7406,-7.05513
+3.741,-7.07709
+3.7415,-6.96639
+3.7419,-7.15738
+3.7422,-7.31768
+3.7426,-7.12363
+3.743,-7.22054
+3.7435,-6.97998
+3.7439,-6.88059
+3.7442,-6.62296
+3.7446,-5.99339
+3.745,-5.12484
+3.7455,-4.32322
+3.7459,-3.10366
+3.7462,-1.57361
+3.7466,-0.1367
+3.7468,+1.3244
+3.7471,+2.58297
+3.7475,+4.40018
+3.7479,+6.17147
+3.7482,+7.6113
+3.7486,+8.87028
+3.749,+10.081
+3.7495,+11.3418
+3.7499,+12.2618
+3.7502,+13.1308
+3.7506,+14.1342
+3.751,+14.956
+3.7515,+15.2882
+3.7518,+15.5862
+3.752,+15.6955
+3.7523,+15.6503
+3.7526,+15.7445
+3.753,+15.7081
+3.7535,+15.4159
+3.7539,+15.2508
+3.7542,+14.8052
+3.7546,+14.3914
+3.755,+13.9895
+3.7555,+13.4404
+3.7559,+12.9008
+3.7562,+12.2429
+3.7566,+11.3993
+3.757,+10.5416
+3.7575,+9.77878
+3.7579,+8.6939
+3.7582,+7.82192
+3.7586,+6.78647
+3.759,+5.68141
+3.7595,+4.67257
+3.7599,+3.78212
+3.7602,+2.98865
+3.7606,+2.13199
+3.761,+0.915739
+3.7615,-0.0153561
+3.762,-1.05563
+3.7623,-1.97743
+3.7626,-2.97103
+3.763,-3.8076
+3.7635,-4.946
+3.7639,-5.87289
+3.7642,-6.08178
+3.7646,-6.04244
+3.7652,-5.67662
+3.7656,-5.25445
+3.7659,-4.21197
+3.7662,-3.2601
+3.7666,-1.98213
+3.767,-0.574835
+3.7675,+1.20225
+3.7679,+2.88276
+3.7682,+4.12465
+3.7686,+5.12781
+3.769,+6.65005
+3.7695,+7.6058
+3.7699,+8.53063
+3.7702,+9.34695
+3.7706,+10.3947
+3.771,+11.3343
+3.7715,+12.2948
+3.7719,+13.3604
+3.7722,+14.2513
+3.7726,+15.3126
+3.773,+15.971
+3.7735,+16.9638
+3.7739,+17.6738
+3.7742,+18.3666
+3.7746,+18.6182
+3.775,+18.8923
+3.7755,+18.9451
+3.7759,+18.7038
+3.7762,+18.4924
+3.7767,+17.9587
+3.7769,+17.5574
+3.7771,+16.7918
+3.7775,+15.9476
+3.7779,+15.474
+3.7782,+14.9653
+3.7786,+14.5267
+3.779,+13.9331
+3.7795,+13.3992
+3.7799,+12.7968
+3.7804,+12.2666
+3.7806,+11.5286
+3.781,+10.9074
+3.7815,+10.2878
+3.7819,+9.00206
+3.7822,+7.82799
+3.7826,+6.14448
+3.783,+4.60516
+3.7835,+3.04901
+3.7839,+1.09301
+3.7842,-0.732114
+3.7846,-2.45957
+3.785,-4.2612
+3.7855,-5.96253
+3.7859,-7.49766
+3.7862,-9.04827
+3.7866,-10.258
+3.787,-11.3483
+3.7875,-12.2826
+3.7879,-12.4569
+3.7882,-12.6044
+3.7886,-12.7052
+3.789,-12.1388
+3.7895,-11.9468
+3.7899,-11.1428
+3.7902,-10.0815
+3.7913,-9.09482
+3.7915,-7.79101
+3.7919,-6.89184
+3.7922,-5.77889
+3.7926,-4.46451
+3.793,-3.2165
+3.7935,-2.2757
+3.7939,-0.472243
+3.7942,+0.832171
+3.7946,+2.18551
+3.795,+3.79526
+3.7955,+5.4037
+3.7959,+7.3311
+3.7962,+8.93792
+3.7966,+10.5193
+3.797,+12.2241
+3.7975,+13.8624
+3.7979,+14.8386
+3.7982,+16.0679
+3.7986,+17.0277
+3.799,+17.497
+3.7993,+17.7466
+3.7996,+18.0351
+3.7999,+18.1978
+3.8002,+17.9011
+3.8006,+17.2334
+3.801,+16.3939
+3.8015,+15.7263
+3.8019,+14.8686
+3.8022,+13.8462
+3.8026,+12.9686
+3.803,+12.1056
+3.8035,+10.954
+3.8039,+9.54078
+3.8042,+8.37266
+3.8046,+7.56377
+3.805,+6.34792
+3.8055,+5.50832
+3.8059,+4.56392
+3.8062,+3.05914
+3.8066,+1.97299
+3.807,+0.528091
+3.8075,-1.04242
+3.8079,-2.59841
+3.8082,-4.07453
+3.8086,-5.76219
+3.809,-6.90976
+3.8095,-8.38921
+3.8099,-9.5612
+3.8102,-9.84847
+3.8106,-9.94484
+3.811,-9.94904
+3.8115,-9.62434
+3.8119,-8.64088
+3.8122,-7.84072
+3.8126,-6.61509
+3.813,-5.90781
+3.8135,-5.1966
+3.8139,-4.56698
+3.8142,-3.99482
+3.8146,-3.79894
+3.815,-3.24023
+3.8155,-2.58557
+3.8159,-2.37465
+3.8162,-1.72252
+3.8166,-1.54274
+3.817,-0.725148
+3.8175,+0.660493
+3.8179,+1.46575
+3.8182,+2.21159
+3.8186,+2.9146
+3.819,+3.58007
+3.8195,+4.04297
+3.8197,+4.32418
+3.8199,+4.49493
+3.8202,+4.79097
+3.8206,+4.86066
+3.821,+4.28038
+3.8215,+4.17102
+3.8219,+4.19095
+3.8222,+4.17634
+3.8227,+4.12177
+3.823,+4.14353
+3.8235,+4.2846
+3.8239,+4.21708
+3.8242,+3.92943
+3.8246,+3.83622
+3.825,+3.7191
+3.8255,+3.43577
+3.8259,+2.80114
+3.8262,+1.98719
+3.8266,+0.982922
+3.827,-0.267086
+3.8275,-1.49606
+3.8279,-2.86011
+3.8282,-3.89349
+3.8286,-5.20207
+3.829,-6.46534
+3.8295,-7.49854
+3.8299,-8.44517
+3.8302,-8.97663
+3.8306,-9.13449
+3.831,-9.29327
+3.8314,-9.23032
+3.8319,-8.70447
+3.8322,-8.08308
+3.8326,-7.11367
+3.833,-5.96679
+3.8335,-4.64303
+3.8339,-2.671
+3.8342,-0.872557
+3.8346,+1.09585
+3.835,+3.49072
+3.8355,+5.66311
+3.8359,+7.9206
+3.8362,+10.0822
+3.8366,+12.1722
+3.837,+14.1291
+3.8375,+15.9412
+3.8379,+16.9929
+3.8383,+18.1386
+3.8385,+19.0869
+3.8387,+19.6334
+3.839,+20.2365
+3.8395,+20.3954
+3.8399,+20.4245
+3.8402,+20.3345
+3.8406,+20.1392
+3.841,+19.7975
+3.8415,+19.6023
+3.8419,+19.1912
+3.8422,+18.4663
+3.8426,+17.7788
+3.843,+16.9263
+3.8435,+16.1002
+3.8439,+15.0743
+3.8442,+14.0224
+3.8446,+12.972
+3.845,+11.7477
+3.8455,+10.5827
+3.8459,+9.24012
+3.8462,+7.7988
+3.8466,+6.43791
+3.847,+4.47792
+3.8474,+3.03336
+3.8479,+1.55885
+3.8482,+0.107057
+3.8486,-1.74981
+3.849,-3.52843
+3.8495,-5.2323
+3.8499,-6.91821
+3.8502,-8.36404
+3.8506,-9.66647
+3.851,-10.2915
+3.8515,-11.5391
+3.8519,-12.3584
+3.8522,-13.449
+3.8526,-14.519
+3.8532,-15.3667
+3.8535,-16.0217
+3.8539,-16.239
+3.8542,-16.9011
+3.8546,-17.0315
+3.855,-17.0195
+3.8555,-16.6523
+3.8559,-16.828
+3.8562,-16.029
+3.8566,-14.4727
+3.857,-12.7388
+3.8574,-11.3434
+3.8579,-9.65322
+3.8582,-7.40042
+3.8586,-5.52043
+3.859,-3.58533
+3.8595,-1.7485
+3.8599,+0.667988
+3.8602,+2.44836
+3.8606,+4.21473
+3.861,+5.7241
+3.8615,+7.45698
+3.8619,+9.006
+3.8622,+10.555
+3.8626,+11.9068
+3.863,+13.2803
+3.8635,+14.7473
+3.8639,+16.0681
+3.8642,+17.4889
+3.8646,+18.9064
+3.865,+20.2933
+3.8654,+21.5524
+3.8659,+22.5973
+3.8662,+23.3526
+3.8666,+24.073
+3.867,+24.6136
+3.8675,+24.8245
+3.8679,+25.027
+3.8682,+24.9659
+3.8686,+24.4981
+3.869,+23.9982
+3.8695,+23.3125
+3.8699,+22.3116
+3.8702,+21.4835
+3.8706,+20.3817
+3.871,+18.9747
+3.8714,+17.8408
+3.8719,+16.0598
+3.8722,+14.0858
+3.8726,+12.2354
+3.8731,+10.2644
+3.8735,+8.19074
+3.8739,+6.13277
+3.8742,+3.94807
+3.8746,+2.35815
+3.875,+0.373043
+3.8755,-1.8482
+3.8759,-3.58705
+3.8762,-5.23106
+3.8766,-7.08952
+3.877,-8.64247
+3.8775,-10.0896
+3.8779,-11.4509
+3.8782,-12.8382
+3.8786,-14.6783
+3.879,-15.7228
+3.8794,-16.6636
+3.8799,-17.5805
+3.8802,-18.265
+3.8806,-18.5999
+3.881,-19.117
+3.8814,-19.3788
+3.8819,-19.272
+3.8822,-18.8942
+3.8826,-18.278
+3.883,-17.7402
+3.8835,-16.9075
+3.8839,-15.9373
+3.8842,-14.9438
+3.8846,-13.694
+3.885,-12.4157
+3.8855,-10.8692
+3.8859,-9.53786
+3.8862,-8.19023
+3.8866,-6.89644
+3.887,-5.42401
+3.8874,-4.20041
+3.8879,-2.74167
+3.8882,-1.57158
+3.8886,-0.426305
+3.889,+0.46121
+3.8894,+0.969527
+3.8899,+1.38557
+3.8902,+2.0122
+3.8906,+2.63583
+3.891,+2.37485
+3.8914,+2.41302
+3.8919,+1.5399
+3.8922,+1.20654
+3.8926,+0.57854
+3.8937,-0.0260799
+3.894,-0.667264
+3.8942,-1.44914
+3.8946,-2.59473
+3.895,-3.99591
+3.8954,-4.68552
+3.8959,-5.64647
+3.8964,-6.22933
+3.8966,-7.12127
+3.897,-8.44425
+3.8974,-9.36412
+3.8979,-10.0913
+3.8982,-10.4158
+3.8986,-11.2474
+3.899,-11.6497
+3.8993,-12.1677
+3.8999,-12.6808
+3.9002,-12.7761
+3.9006,-12.6398
+3.901,-12.0587
+3.9015,-11.6052
+3.9019,-10.9555
+3.9022,-10.5107
+3.9026,-9.32515
+3.903,-8.05244
+3.9035,-6.69547
+3.9039,-5.10649
+3.9042,-3.73967
+3.9046,-2.1285
+3.905,-0.582862
+3.9054,+1.0309
+3.9059,+2.43995
+3.9064,+3.72301
+3.9066,+4.71562
+3.907,+5.48512
+3.9074,+6.1723
+3.9079,+6.61134
+3.9082,+7.0273
+3.9086,+6.89503
+3.909,+6.56158
+3.9094,+6.48111
+3.9099,+5.71237
+3.9102,+5.27087
+3.9106,+4.83907
+3.911,+4.1337
+3.9114,+3.05994
+3.9119,+2.0686
+3.9122,+0.856024
+3.9126,-0.336464
+3.913,-1.35972
+3.9134,-2.89239
+3.9139,-4.30828
+3.9142,-5.80947
+3.9146,-7.21789
+3.915,-8.34323
+3.9154,-9.24392
+3.9159,-10.6419
+3.9162,-11.4379
+3.9166,-12.1867
+3.917,-12.7863
+3.9174,-13.0255
+3.9179,-12.6825
+3.9182,-12.4818
+3.9186,-12.0671
+3.919,-11.7699
+3.9194,-10.8581
+3.9199,-9.92583
+3.9202,-8.52986
+3.9206,-6.99725
+3.921,-5.59736
+3.9214,-4.29505
+3.9219,-2.89617
+3.9222,-1.05453
+3.9226,+0.672782
+3.923,+2.49965
+3.9234,+4.3288
+3.9239,+6.61567
+3.9242,+8.17734
+3.9246,+9.72307
+3.925,+11.3698
+3.9255,+13.0521
+3.9259,+14.5114
+3.9262,+15.406
+3.9266,+16.0726
+3.927,+16.6177
+3.9274,+16.4984
+3.9279,+16.2151
+3.9282,+15.7304
+3.9286,+15.0501
+3.929,+13.9713
+3.9294,+12.463
+3.9299,+10.8716
+3.9302,+9.15068
+3.9306,+7.61671
+3.931,+5.55061
+3.9313,+3.53031
+3.9319,+1.30439
+3.9322,-0.782577
+3.9326,-2.69587
+3.933,-4.4667
+3.9334,-6.2115
+3.9339,-7.76088
+3.9342,-9.38584
+3.9346,-11.0463
+3.935,-12.4488
+3.9354,-13.3542
+3.9359,-14.2727
+3.9362,-15.3501
+3.9366,-16.2044
+3.937,-17.4117
+3.9373,-18.1818
+3.9379,-18.8089
+3.9382,-19.1819
+3.9386,-19.4631
+3.939,-19.3037
+3.9394,-19.4238
+3.9399,-19.4288
+3.9402,-19.2693
+3.9406,-19.057
+3.941,-18.0873
+3.9414,-17.1347
+3.9419,-16.3924
+3.9423,-15.5208
+3.9426,-14.217
+3.9429,-12.7877
+3.9431,-11.2476
+3.9434,-9.24218
+3.9439,-7.06621
+3.9444,-5.02295
+3.9446,-3.02106
+3.945,-1.11906
+3.9454,+1.00171
+3.9459,+3.05681
+3.9462,+4.59194
+3.9466,+6.09115
+3.947,+7.50401
+3.9474,+8.43904
+3.9479,+9.18672
+3.9482,+9.60093
+3.9486,+9.94475
+3.949,+10.0898
+3.9494,+9.94964
+3.9499,+9.65998
+3.9502,+9.16623
+3.9506,+8.41963
+3.951,+7.41718
+3.9514,+6.54306
+3.9519,+5.60705
+3.9522,+4.89637
+3.9526,+3.49452
+3.953,+2.21347
+3.9534,+0.697838
+3.9539,-0.239321
+3.9542,-1.66082
+3.9546,-3.15327
+3.955,-4.07462
+3.9554,-4.97591
+3.9559,-6.03617
+3.9562,-7.75255
+3.9566,-8.99772
+3.957,-10.0977
+3.9574,-11.1399
+3.9579,-12.4178
+3.9582,-13.2755
+3.9586,-14.0218
+3.959,-14.918
+3.9594,-15.7788
+3.9599,-16.2463
+3.9602,-16.241
+3.9606,-15.9974
+3.961,-15.65
+3.9614,-14.9606
+3.9619,-14.2759
+3.9622,-13.1835
+3.9626,-11.7059
+3.963,-10.3859
+3.9634,-8.80977
+3.9639,-7.2778
+3.9642,-5.38389
+3.9646,-3.40035
+3.965,-1.34452
+3.9654,+0.557705
+3.9659,+2.55398
+3.9662,+4.44082
+3.9666,+6.22331
+3.967,+8.02902
+3.9674,+9.70825
+3.9679,+11.2726
+3.9682,+12.5835
+3.9686,+13.644
+3.9689,+14.3704
+3.9691,+15.2093
+3.9694,+15.7266
+3.9699,+16.1262
+3.9702,+16.0975
+3.9706,+15.8625
+3.971,+15.2309
+3.9714,+14.6077
+3.9719,+13.8457
+3.9722,+12.4984
+3.9726,+11.013
+3.973,+9.64387
+3.9734,+8.12704
+3.9739,+6.43538
+3.9742,+4.62737
+3.9746,+2.87772
+3.975,+1.06653
+3.9754,-1.40291
+3.9759,-3.6106
+3.9762,-5.58694
+3.9766,-7.18149
+3.977,-9.62782
+3.9774,-11.1273
+3.9779,-12.5512
+3.9782,-14.5003
+3.9786,-16.0996
+3.979,-16.5145
+3.9794,-17.0008
+3.9799,-16.9777
+3.9802,-16.0757
+3.9806,-15.8676
+3.981,-14.2429
+3.9814,-13.5807
+3.9819,-12.4471
+3.9822,-10.0762
+3.9826,-7.82584
+3.983,-6.11849
+3.9834,-3.51341
+3.9839,-1.04686
+3.9842,+1.00718
+3.9846,+3.70297
+3.985,+5.74712
+3.9854,+7.98161
+3.9859,+10.078
+3.9862,+11.897
+3.9866,+13.5591
+3.987,+14.807
+3.9874,+15.6747
+3.9879,+15.732
+3.9882,+15.7235
+3.9886,+15.2635
+3.989,+14.7273
+3.9894,+13.8281
+3.9899,+12.8095
+3.9902,+11.0857
+3.9906,+9.30372
+3.991,+7.24022
+3.9914,+5.18799
+3.9919,+3.0459
+3.9922,+0.164668
+3.9926,-2.67204
+3.993,-5.30435
+3.9934,-7.85328
+3.9939,-10.6554
+3.9942,-12.7558
+3.9946,-14.8345
+3.995,-16.5113
+3.9961,-18.5051
+3.9964,-19.9388
+3.9967,-20.4237
+3.997,-20.7707
+3.9974,-20.7532
+3.9979,-20.1636
+3.9982,-18.8925
+3.9986,-17.6869
+3.999,-15.5359
+3.9994,-13.5166
+3.9999,-10.8199
+4.0002,-7.6858
+4.0006,-4.60709
+4.001,-1.03766
+4.0014,+2.16823
+4.0019,+5.37215
+4.0022,+8.40439
+4.0026,+11.3242
+4.003,+13.3653
+4.0034,+15.5724
+4.0039,+17.6156
+4.0042,+18.9214
+4.0046,+19.9671
+4.0051,+20.5501
+4.0054,+20.7805
+4.0059,+20.53
+4.0062,+19.708
+4.0066,+18.3624
+4.007,+16.7722
+4.0073,+14.7122
+4.0079,+12.7084
+4.0082,+10.4796
+4.0086,+7.40971
+4.009,+4.07271
+4.0094,+0.623662
+4.0099,-2.55008
+4.0102,-6.14014
+4.0106,-8.90883
+4.011,-11.771
+4.0114,-14.4576
+4.0119,-17.8265
+4.0122,-20.8401
+4.0126,-22.7549
+4.013,-23.7875
+4.0134,-24.8007
+4.0139,-25.381
+4.0142,-24.936
+4.0146,-25.1767
+4.015,-24.6503
+4.0154,-22.9819
+4.0159,-20.6882
+4.0162,-17.9097
+4.0166,-15.0208
+4.017,-12.1326
+4.0174,-8.68288
+4.0179,-5.21269
+4.0182,-1.64504
+4.0186,+2.67664
+4.019,+6.70179
+4.0194,+10.0973
+4.0199,+13.706
+4.0202,+16.8274
+4.0206,+19.705
+4.021,+22.0135
+4.0214,+23.8408
+4.0219,+24.9915
+4.0222,+25.6954
+4.0226,+25.6011
+4.023,+24.9845
+4.0234,+23.671
+4.0239,+21.8878
+4.0242,+19.5853
+4.0246,+16.9959
+4.0251,+14.3502
+4.0254,+11.2395
+4.0259,+7.66586
+4.0262,+4.31405
+4.0266,+0.541417
+4.027,-3.28516
+4.0274,-6.81018
+4.0279,-9.84615
+4.0282,-12.644
+4.0286,-15.4254
+4.029,-18.2583
+4.0294,-20.3861
+4.0299,-21.966
+4.0302,-24.116
+4.0306,-24.8938
+4.031,-25.3294
+4.0314,-25.412
+4.0319,-25.5429
+4.0322,-25.0763
+4.0326,-24.4087
+4.033,-22.8693
+4.0334,-21.3087
+4.0339,-19.8725
+4.0342,-17.3856
+4.0346,-14.9037
+4.035,-12.4812
+4.0354,-10.0678
+4.0359,-7.17174
+4.0362,-4.85283
+4.0366,-2.07829
+4.037,+0.097471
+4.0374,+2.22428
+4.0379,+4.58867
+4.0382,+6.3447
+4.0386,+7.46058
+4.039,+8.82092
+4.0394,+9.86318
+4.0399,+10.0442
+4.0402,+10.3113
+4.0407,+10.139
+4.0409,+9.63551
+4.0412,+8.96626
+4.0414,+7.98841
+4.0419,+6.88321
+4.0422,+5.48505
+4.0426,+3.83028
+4.043,+2.1064
+4.0434,+0.405667
+4.0439,-1.09127
+4.0442,-2.62683
+4.0446,-4.07828
+4.045,-5.42109
+4.0454,-7.39949
+4.0459,-9.15481
+4.0462,-10.3085
+4.0466,-12.1003
+4.047,-13.7058
+4.0474,-15.3033
+4.0479,-16.9242
+4.0482,-17.9473
+4.0486,-18.9202
+4.049,-20.6183
+4.0494,-21.2982
+4.0499,-22.0701
+4.0502,-22.6524
+4.0506,-22.8845
+4.051,-23.0289
+4.0514,-23.0761
+4.0519,-23.0414
+4.0522,-23.211
+4.0526,-23.1886
+4.053,-22.5711
+4.0534,-21.7615
+4.0539,-20.7443
+4.0542,-19.915
+4.0546,-18.3355
+4.055,-16.7326
+4.0555,-14.6362
+4.0559,-12.7102
+4.0562,-10.5975
+4.0566,-8.82476
+4.057,-6.72524
+4.0574,-4.905
+4.0579,-3.2899
+4.0582,-1.81485
+4.0586,-0.488904
+4.059,+0.454297
+4.0594,+0.970413
+4.0599,+1.55351
+4.0602,+1.54178
+4.0606,+1.60482
+4.061,+1.49147
+4.0614,+1.45898
+4.0617,+1.42076
+4.0622,+0.565123
+4.0626,-0.658186
+4.063,-1.20242
+4.0634,-2.49004
+4.0639,-3.80495
+4.0642,-4.75683
+4.0646,-6.08641
+4.065,-7.65367
+4.0654,-9.12637
+4.0659,-10.848
+4.0662,-11.9699
+4.0666,-12.9344
+4.067,-14.2891
+4.0674,-14.8126
+4.0679,-15.2452
+4.0682,-15.9631
+4.0686,-16.1058
+4.069,-15.9438
+4.0694,-15.9073
+4.0699,-15.3522
+4.0702,-14.5964
+4.0706,-13.6995
+4.071,-12.8707
+4.0714,-12.0579
+4.0719,-11.1777
+4.0722,-10.0461
+4.0726,-8.9528
+4.073,-7.8958
+4.0734,-6.80962
+4.0737,-5.75657
+4.0742,-4.81135
+4.0746,-3.85984
+4.075,-2.92637
+4.0754,-1.68725
+4.0759,-0.515959
+4.0762,+0.331963
+4.0766,+0.898221
+4.077,+1.27285
+4.0774,+1.5342
+4.0777,+1.56207
+4.0782,+1.82731
+4.0786,+1.61184
+4.079,+1.4424
+4.0794,+0.782988
+4.0799,+0.0972076
+4.0802,-0.604659
+4.0806,-1.16351
+4.081,-1.66909
+4.0814,-2.22535
+4.0817,-2.87697
+4.0822,-3.78229
+4.0826,-4.32628
+4.083,-4.93475
+4.0834,-5.21699
+4.0837,-5.9166
+4.0842,-6.4675
+4.0846,-6.91059
+4.085,-6.88496
+4.0854,-7.15244
+4.0859,-7.40011
+4.0862,-7.79927
+4.0866,-7.78355
+4.087,-8.18808
+4.0874,-8.78107
+4.0879,-9.17204
+4.0882,-9.00483
+4.0886,-8.90981
+4.089,-9.297
+4.0894,-9.91793
+4.0897,-10.6507
+4.0902,-11.1861
+4.0906,-12.231
+4.091,-12.2944
+4.0914,-13.0475
+4.0919,-13.6425
+4.0922,-14.9726
+4.0926,-16.3643
+4.093,-17.5409
+4.0934,-18.5
+4.0937,-19.1356
+4.0942,-19.7871
+4.0946,-20.2701
+4.095,-21.3137
+4.0954,-21.535
+4.0959,-21.7343
+4.0962,-21.5444
+4.0966,-21.079
+4.097,-20.069
+4.0974,-18.9849
+4.0985,-17.7652
+4.0988,-16.122
+4.099,-14.9641
+4.0994,-13.1056
+4.0999,-11.737
+4.1002,-10.3453
+4.1006,-8.59443
+4.101,-7.41544
+4.1014,-6.37107
+4.1017,-5.05324
+4.1022,-4.1154
+4.1026,-3.48261
+4.103,-2.36504
+4.1034,-2.15489
+4.1037,-1.52642
+4.1042,-0.921313
+4.1046,-0.89631
+4.105,-0.549362
+4.1054,-0.712068
+4.1057,-0.845509
+4.1062,-0.891362
+4.1066,-1.35131
+4.107,-1.90936
+4.1074,-2.6669
+4.1077,-3.58243
+4.1082,-4.69037
+4.1086,-5.37316
+4.109,-6.34335
+4.1094,-7.57743
+4.1099,-8.6916
+4.1102,-9.87465
+4.1106,-10.3416
+4.111,-11.2857
+4.1114,-11.9183
+4.1117,-12.4755
+4.1122,-12.7071
+4.1126,-13.5191
+4.113,-13.8003
+4.1134,-14.0296
+4.1137,-14.2183
+4.1142,-14.323
+4.1146,-14.7256
+4.115,-14.5943
+4.1154,-14.3817
+4.1157,-13.7698
+4.1162,-13.4201
+4.1166,-12.9266
+4.117,-12.3559
+4.1174,-11.5563
+4.1177,-10.8929
+4.1182,-10.0653
+4.1186,-9.23594
+4.119,-8.34282
+4.1194,-7.40294
+4.1197,-6.66768
+4.1202,-6.00803
+4.1206,-5.18812
+4.121,-4.63618
+4.1214,-4.1666
+4.1217,-3.74407
+4.1222,-3.488
+4.1226,-3.52049
+4.123,-3.562
+4.1234,-3.17206
+4.1237,-3.46186
+4.1242,-3.71728
+4.1246,-4.10005
+4.125,-4.62859
+4.1254,-4.9288
+4.1257,-5.36778
+4.1264,-5.74649
+4.1266,-6.24615
+4.127,-6.62945
+4.1274,-7.4571
+4.1277,-7.69316
+4.1282,-7.70096
+4.1286,-7.79349
+4.129,-7.5456
+4.1294,-7.43891
+4.1297,-7.20805
+4.1302,-6.43887
+4.1306,-5.40064
+4.131,-4.83144
+4.1314,-3.93104
+4.1317,-3.47281
+4.1322,-2.7969
+4.1326,-1.98715
+4.133,-1.36723
+4.1334,-1.26878
+4.1337,-1.27455
+4.1342,-1.42198
+4.1346,-2.14349
+4.135,-2.59551
+4.1354,-3.06774
+4.1357,-3.86909
+4.1362,-4.32627
+4.1368,-5.22083
+4.137,-6.11896
+4.1374,-6.56514
+4.1377,-7.308
+4.1382,-8.33614
+4.1386,-8.98937
+4.139,-9.72087
+4.1394,-11.2404
+4.1397,-11.8429
+4.1402,-13.4429
+4.1406,-14.5752
+4.141,-15.7053
+4.1414,-17.5989
+4.1417,-19.0888
+4.1422,-20.4694
+4.1426,-21.7138
+4.143,-22.4782
+4.1434,-22.6728
+4.1437,-22.8977
+4.1442,-22.7581
+4.1446,-21.9791
+4.145,-20.9945
+4.1454,-19.0485
+4.1457,-17.1837
+4.1462,-15.0509
+4.1466,-12.7303
+4.147,-10.6613
+4.1474,-8.43014
+4.1477,-6.29336
+4.1482,-4.22257
+4.1486,-2.76487
+4.149,-1.50841
+4.1494,-0.104149
+4.1497,+1.29584
+4.1499,+2.07368
+4.1502,+2.74681
+4.1506,+3.473
+4.151,+3.85408
+4.1514,+4.00226
+4.1517,+4.18817
+4.1522,+4.14718
+4.1526,+4.46486
+4.153,+4.24227
+4.1534,+4.31528
+4.1537,+4.74783
+4.1542,+4.70884
+4.1546,+4.83116
+4.155,+4.45787
+4.1554,+3.55873
+4.1557,+3.20275
+4.1562,+2.89422
+4.1566,+2.11801
+4.1584,+1.34619
+4.1586,+0.457105
+4.1588,-0.807059
+4.1591,-1.83911
+4.1593,-3.52058
+4.1595,-4.61329
+4.1597,-5.09453
+4.1602,-6.06685
+4.1606,-7.07082
+4.161,-8.12544
+4.1614,-8.91194
+4.1617,-9.69795
+4.1622,-11.0406
+4.1626,-12.2398
+4.163,-12.9728
+4.1634,-13.7067
+4.1638,-14.4338
+4.1642,-15.322
+4.1646,-16.0546
+4.165,-16.6806
+4.1654,-17.2084
+4.1657,-17.7915
+4.1664,-17.7163
+4.1666,-17.6712
+4.167,-17.7423
+4.1674,-17.6752
+4.1677,-17.6191
+4.1683,-17.2178
+4.1686,-16.8931
+4.169,-16.3561
+4.1694,-15.9298
+4.1697,-15.5576
+4.1703,-15.0086
+4.1706,-14.0881
+4.171,-13.3684
+4.1714,-12.5678
+4.1717,-11.6811
+4.1722,-11.2315
+4.1726,-10.7095
+4.173,-10.3678
+4.1734,-9.95763
+4.1737,-9.10693
+4.1742,-8.85155
+4.1746,-8.58596
+4.175,-8.35575
+4.1754,-8.21162
+4.1757,-8.10303
+4.1763,-7.79453
+4.1766,-6.96899
+4.177,-6.25801
+4.1774,-5.5117
+4.1778,-5.17441
+4.1783,-4.41851
+4.1786,-4.00775
+4.179,-3.45057
+4.1794,-3.06537
+4.1797,-2.81851
+4.1802,-2.38749
+4.1806,-2.83247
+4.181,-3.00678
+4.1814,-3.37805
+4.1817,-3.78783
+4.1823,-4.63525
+4.1826,-4.99335
+4.183,-5.79896
+4.1834,-6.11902
+4.1837,-6.764
+4.1843,-7.53528
+4.1846,-7.96229
+4.185,-8.35786
+4.1854,-8.80837
+4.1858,-9.02659
+4.1863,-8.82715
+4.1866,-9.13554
+4.187,-9.07788
+4.1874,-9.42994
+4.1877,-9.4303
+4.1882,-9.48966
+4.1886,-9.67201
+4.189,-9.99623
+4.1894,-10.2217
+4.1897,-10.7641
+4.1902,+12.2581
+4.1906,+12.4747
+4.191,+12.7861
+4.1914,+13.0117
+4.1917,+13.4793
+4.1923,+13.7879
+4.1926,+13.9297
+4.193,+14.1077
+4.1934,+14.5784
+4.1938,+14.6858
+4.1943,+14.6842
+4.1946,+14.7976
+4.195,+14.8265
+4.1954,+14.7901
+4.1958,+14.6102
+4.1963,+14.5522
+4.1966,+14.53
+4.197,+14.5166
+4.1974,+14.2865
+4.1978,+14.352
+4.1983,+14.5222
+4.1986,+14.4075
+4.199,+14.2769
+4.1994,+14.1912
+4.1997,+13.86
+4.2009,+13.43
+4.2012,+12.5148
+4.2014,+11.9535
+4.2017,+11.4747
+4.2022,+10.7789
+4.2026,+10.3655
+4.203,+10.1329
+4.2034,+9.57049
+4.2037,+9.21299
+4.2042,+8.89808
+4.2046,+8.7869
+4.205,+9.27351
+4.2054,+8.96648
+4.2057,+8.8045
+4.2062,+8.89498
+4.2066,+8.94801
+4.207,+9.11318
+4.2074,+9.49701
+4.2077,+9.81717
+4.2083,+10.2065
+4.2086,+10.5961
+4.209,+10.9094
+4.2094,+11.3662
+4.2097,+12.0636
+4.2102,+12.5793
+4.2106,+12.9191
+4.211,+13.2494
+4.2114,+13.7326
+4.2117,+14.1297
+4.2122,+14.4945
+4.2126,+14.8062
+4.213,+15.2834
+4.2134,+15.8592
+4.2137,+16.0183
+4.2143,+16.3547
+4.2146,+16.7113
+4.215,+17.1039
+4.2154,+17.4329
+4.2157,+17.7353
+4.2162,+18.0504
+4.2166,+18.3339
+4.217,+18.5737
+4.2174,+18.7783
+4.2177,+18.9126
+4.2182,+18.9583
+4.2186,+18.9985
+4.219,+18.956
+4.2194,+18.8477
+4.2197,+18.82
+4.2202,+18.5946
+4.2206,+18.4971
+4.221,+18.1223
+4.2214,+17.9172
+4.2217,+17.4539
+4.2223,+16.8765
+4.2226,+16.2342
+4.223,+15.5536
+4.2234,+15.0395
+4.2237,+14.2327
+4.2242,+13.7151
+4.2246,+12.8203
+4.225,+11.9636
+4.2255,+11.1528
+4.2259,+10.6563
+4.2262,+10.0848
+4.2266,+9.75566
+4.227,+9.26732
+4.2274,+8.61039
+4.2278,+8.15854
+4.2282,+7.60024
+4.2286,+7.1378
+4.229,+6.86613
+4.2294,+6.5073
+4.2297,+5.9044
+4.2303,+5.50958
+4.2306,+4.98312
+4.231,+4.69506
+4.2314,+4.42088
+4.2318,+4.25661
+4.2322,+4.09608
+4.2326,+4.03992
+4.233,+4.1134
+4.2334,+4.35105
+4.2337,+4.77138
+4.2342,+5.10728
+4.2346,+5.40522
+4.235,+5.85469
+4.2354,+5.9119
+4.2357,+6.20506
+4.2363,+6.91382
+4.2366,+7.08153
+4.237,+7.60028
+4.2374,+7.66731
+4.2378,+7.71667
+4.2382,+8.23028
+4.2386,+8.61317
+4.2391,+8.85546
+4.2394,+9.45301
+4.2398,+9.35254
+4.2402,+9.41293
+4.2406,+10.0213
+4.241,+9.62872
+4.2414,+9.92575
+4.2417,+10.2778
+4.2422,+9.85433
+4.2426,+9.57767
+4.243,+9.6779
+4.2434,+9.96105
+4.2437,+10.6955
+4.2443,+10.9448
+4.2446,+11.0554
+4.245,+11.7528
+4.2454,+12.1928
+4.2457,+12.4334
+4.2462,+13.1707
+4.2466,+13.7816
+4.247,+14.0247
+4.2474,+14.0343
+4.2478,+13.976
+4.2482,+13.6454
+4.2486,+13.4035
+4.249,+12.993
+4.2494,+12.519
+4.2497,+12.0276
+4.2502,+11.464
+4.2506,+10.9513
+4.251,+10.4763
+4.2514,+10.2752
+4.2517,+9.74683
+4.2523,+9.71462
+4.2526,+9.69576
+4.253,+9.92286
+4.2534,+10.0819
+4.2538,+10.3123
+4.2542,+10.623
+4.2546,+10.438
+4.255,+10.4749
+4.2554,+10.0474
+4.2557,+10.3641
+4.2562,+9.99133
+4.2566,+9.70235
+4.257,+9.20181
+4.2574,+8.79328
+4.2577,+8.40161
+4.2583,+7.98197
+4.2586,+8.01121
+4.259,+8.31333
+4.2594,+8.31015
+4.2597,+8.47726
+4.2602,+8.63868
+4.2606,+9.02679
+4.261,+8.98916
+4.2614,+9.42137
+4.2618,+9.35929
+4.2621,+9.07021
+4.2623,+9.05453
+4.2626,+8.38293
+4.263,+8.17918
+4.2634,+7.27449
+4.2638,+6.71713
+4.2643,+5.77211
+4.2646,+5.08606
+4.265,+3.80814
+4.2654,+3.13854
+4.2657,+2.39839
+4.2662,+1.47378
+4.2666,+1.01113
+4.267,+0.371535
+4.2674,-0.0502302
+4.2677,-0.440809
+4.2683,-0.414909
+4.2686,-0.394381
+4.269,-0.150878
+4.2695,+0.01284
+4.2698,+0.220656
+4.2703,+0.490477
+4.2706,+0.360534
+4.271,+0.694547
+4.2714,+0.744864
+4.2717,+0.790848
+4.2722,+0.812736
+4.2726,+1.16809
+4.273,+1.32208
+4.2734,+1.3195
+4.2737,+1.87876
+4.2743,+2.3796
+4.2746,+3.00922
+4.275,+3.41387
+4.2754,+4.1577
+4.2758,+4.90272
+4.2762,+5.62453
+4.2766,+6.4123
+4.277,+7.31436
+4.2774,+8.46559
+4.2777,+9.33204
+4.2783,+9.77995
+4.2786,+10.5763
+4.279,+11.6003
+4.2794,+12.5539
+4.2798,+13.0234
+4.2803,+13.1989
+4.2808,+13.3018
+4.281,+13.2278
+4.2814,+13.0633
+4.2818,+12.6128
+4.2823,+12.4811
+4.2826,+12.3481
+4.283,+11.7709
+4.2834,+10.9467
+4.2837,+10.5415
+4.2842,+10.1019
+4.2846,+9.51915
+4.285,+9.02949
+4.2854,+8.18623
+4.2857,+7.59985
+4.2863,+7.12861
+4.2866,+6.28368
+4.287,+5.51351
+4.2874,+5.02864
+4.2878,+4.53202
+4.2883,+3.96759
+4.2886,+3.47511
+4.289,+3.01773
+4.2894,+2.92818
+4.2898,+2.7404
+4.2902,+2.6104
+4.2906,+2.4647
+4.291,+2.34704
+4.2914,+2.05529
+4.2917,+1.98087
+4.2923,+1.76027
+4.2926,+1.68945
+4.293,+1.46933
+4.2934,+1.16716
+4.2938,+1.1427
+4.2943,+0.804172
+4.2946,+0.414726
+4.295,+0.336549
+4.2954,+0.223774
+4.2958,+0.173205
+4.2962,+0.481797
+4.2964,+0.598365
+4.2966,+1.00594
+4.297,+1.53892
+4.2974,+1.92477
+4.2978,+2.56283
+4.2983,+2.82435
+4.2986,+3.21904
+4.299,+3.92323
+4.2994,+4.34141
+4.2999,+4.43058
+4.3003,+4.86889
+4.3006,+4.79272
+4.301,+4.79276
+4.3014,+5.05418
+4.3018,+4.91764
+4.3023,+5.04051
+4.3033,+4.89045
+4.3035,+4.72791
+4.3038,+5.11354
+4.3043,+5.56898
+4.3046,+5.56358
+4.305,+5.99959
+4.3054,+6.41761
+4.3057,+6.97706
+4.3063,+7.57211
+4.3066,+8.9008
+4.307,+9.58638
+4.3074,+10.3641
+4.3077,+10.6752
+4.3082,+11.0759
+4.3086,+11.9703
+4.309,+12.299
+4.3094,+12.9773
+4.3098,+12.4354
+4.3103,+12.6309
+4.3106,+12.2274
+4.311,+12.2289
+4.3114,+11.738
+4.3117,+11.3582
+4.3122,+11.0883
+4.3126,+10.3741
+4.313,+10.4508
+4.3134,+9.9683
+4.3137,+10.1158
+4.3142,+10.1211
+4.3146,+10.1623
+4.315,+10.4354
+4.3154,+10.5758
+4.3158,+10.7275
+4.3162,+10.9658
+4.3166,+11.1707
+4.317,+11.0289
+4.3174,+10.978
+4.3178,+11.0722
+4.3182,+10.8114
+4.3186,+10.2979
+4.319,+10.2373
+4.3194,+10.512
+4.3198,+10.8334
+4.3202,+10.9264
+4.3206,+11.1771
+4.321,+11.4926
+4.3214,+11.727
+4.3217,+12.0043
+4.3223,+12.3408
+4.3226,+12.9571
+4.323,+13.1837
+4.3234,+13.3179
+4.3238,+13.2377
+4.3243,+13.1646
+4.3246,+12.8918
+4.325,+12.5586
+4.3254,+12.3851
+4.3258,+11.7972
+4.3262,+11.0466
+4.3266,+10.2104
+4.327,+9.30329
+4.3274,+8.56948
+4.3277,+7.88665
+4.3281,+7.31365
+4.3286,+6.84329
+4.329,+6.64553
+4.3294,+6.37314
+4.3297,+6.26737
+4.3303,+6.37018
+4.3306,+6.47497
+4.331,+6.64112
+4.3314,+6.7715
+4.3318,+6.61314
+4.3321,+6.4312
+4.3326,+6.35412
+4.333,+6.12657
+4.3334,+5.96135
+4.3337,+5.99281
+4.3341,+6.1544
+4.3346,+6.32063
+4.335,+6.72649
+4.3354,+7.49917
+4.3358,+8.18288
+4.3363,+9.12388
+4.3366,+9.97298
+4.337,+10.8171
+4.3374,+11.7705
+4.3378,+12.7264
+4.3383,+13.7154
+4.3386,+14.4738
+4.339,+15.0622
+4.3394,+15.1801
+4.3398,+15.9226
+4.3401,+16.1476
+4.3408,+16.5502
+4.341,+16.8404
+4.3414,+17.1461
+4.3417,+17.7801
+4.3423,+18.3545
+4.3426,+18.6373
+4.343,+18.5405
+4.3434,+19.178
+4.3438,+19.5778
+4.3441,+20.2213
+4.3446,+20.6363
+4.345,+20.9829
+4.3454,+21.1481
+4.3458,+20.6433
+4.3462,+20.0412
+4.3466,+19.8874
+4.347,+19.8135
+4.3474,+19.1776
+4.3477,+18.5244
+4.3481,+17.8627
+4.3486,+16.7073
+4.349,+15.8133
+4.3494,+15.0188
+4.3498,+14.2374
+4.3501,+13.3526
+4.3506,+12.5963
+4.351,+11.6012
+4.3514,+10.0781
+4.3518,+8.4201
+4.3523,+7.04409
+4.3526,+6.1249
+4.3539,+4.84526
+4.3541,+3.35594
+4.3543,+2.23232
+4.3546,+1.02167
+4.355,-0.23947
+4.3554,-1.35077
+4.3558,-1.96837
+4.3561,-2.3731
+4.3566,-2.80048
+4.357,-3.08598
+4.3574,-2.77816
+4.3578,-2.60061
+4.3581,-2.45359
+4.3586,-1.98425
+4.359,-1.40454
+4.3594,-0.202679
+4.3598,+0.73702
+4.3601,+1.83152
+4.3606,+2.8891
+4.361,+3.82545
+4.3614,+4.59424
+4.3618,+5.8081
+4.3621,+7.09685
+4.3624,+8.28827
+4.3626,+9.21138
+4.363,+10.0902
+4.3634,+11.0301
+4.3638,+12.0536
+4.3641,+13.0058
+4.3646,+14.1836
+4.365,+15.1308
+4.3654,+15.9613
+4.3658,+16.4579
+4.3661,+16.9545
+4.3666,+17.7773
+4.367,+18.2725
+4.3674,+18.8009
+4.3678,+19.6266
+4.3681,+20.4196
+4.3686,+20.5167
+4.369,+21.0018
+4.3694,+21.3972
+4.3698,+21.9091
+4.3701,+22.2345
+4.3708,+22.3455
+4.371,+22.1312
+4.3714,+21.9938
+4.3718,+21.1683
+4.3721,+20.2193
+4.3726,+19.7157
+4.373,+18.2702
+4.3734,+17.0237
+4.3738,+15.7037
+4.3741,+14.4974
+4.3746,+13.2557
+4.375,+12.0655
+4.3754,+10.5592
+4.3758,+9.27915
+4.3761,+7.89674
+4.3766,+6.37745
+4.377,+5.67899
+4.3774,+4.74266
+4.3778,+3.85558
+4.3781,+2.93707
+4.3786,+2.20023
+4.379,+1.69833
+4.3794,+1.51952
+4.3798,+1.2845
+4.3801,+1.44742
+4.3806,+1.85943
+4.381,+2.04678
+4.3814,+2.40771
+4.3818,+2.96446
+4.3821,+3.19257
+4.3826,+3.80838
+4.383,+3.9699
+4.3834,+4.39753
+4.3838,+5.28596
+4.3841,+5.60014
+4.3846,+6.56278
+4.385,+6.97468
+4.3854,+7.62737
+4.3858,+8.21496
+4.3861,+8.84816
+4.3866,+9.11976
+4.387,+10.562
+4.3874,+11.8203
+4.3878,+12.1032
+4.3881,+13.0971
+4.3886,+13.4918
+4.389,+14.6443
+4.3894,+15.4621
+4.3898,+16.0623
+4.3901,-16.3012
+4.3906,-17.1288
+4.391,-17.1462
+4.3914,-17.0288
+4.3918,-17.3619
+4.3921,-17.6118
+4.3926,-17.4989
+4.393,-17.3136
+4.3934,-16.4796
+4.3938,-15.8965
+4.3941,-15.382
+4.3946,-14.5916
+4.395,-13.9277
+4.3954,-13.2529
+4.3958,-12.6651
+4.3961,-11.5742
+4.3966,-10.8148
+4.397,-9.74691
+4.3974,-9.54026
+4.3978,-8.92849
+4.3981,-8.2519
+4.3986,-7.92899
+4.399,-7.59911
+4.3994,-7.21912
+4.3998,-7.12464
+4.4001,-7.05412
+4.4007,-7.18337
+4.401,-7.66222
+4.4015,-7.95294
+4.4018,-8.55789
+4.4021,-9.16404
+4.4026,-9.22359
+4.403,-9.6757
+4.4034,-10.4493
+4.4038,-10.8875
+4.4041,-11.0258
+4.4047,-10.8313
+4.4057,-10.4606
+4.4059,-10.4558
+4.4062,-10.1763
+4.4066,-9.86647
+4.407,-10.1027
+4.4074,-10.0998
+4.4077,-9.94872
+4.4081,-9.82154
+4.4086,-10.0744
+4.409,-10.7072
+4.4094,-11.424
+4.4098,-11.7788
+4.4101,-12.3489
+4.4106,-12.8816
+4.411,-13.4732
+4.4114,-13.6281
+4.4118,-13.813
+4.4121,-14.456
+4.4126,-15.1512
+4.413,-14.9671
+4.4134,-15.1186
+4.4138,-15.0293
+4.4141,-14.9887
+4.4146,-14.8523
+4.415,-14.4464
+4.4154,-14.167
+4.4158,-13.874
+4.4161,-13.2043
+4.4166,-12.2255
+4.417,-12.0677
+4.4174,-11.2867
+4.4177,-10.3051
+4.4181,-9.89547
+4.4186,-9.35621
+4.419,-8.97614
+4.4194,-8.66203
+4.4198,-8.13079
+4.4201,-7.68773
+4.4206,-7.5644
+4.421,-7.32392
+4.4214,-7.26849
+4.4218,-7.47745
+4.4221,-7.20431
+4.4226,-7.21439
+4.423,-7.27537
+4.4234,-7.3489
+4.4238,-7.61246
+4.4241,-7.81575
+4.4246,-8.31262
+4.425,-8.56212
+4.4254,-8.79148
+4.4258,-9.37096
+4.4261,-9.40015
+4.4266,-10.1531
+4.427,-10.1896
+4.4274,-10.461
+4.4278,-10.8303
+4.4281,-11.1098
+4.4286,-11.0552
+4.4291,-11.211
+4.4294,-11.468
+4.4298,-11.4594
+4.4301,-12.0416
+4.4306,-11.7686
+4.431,-12.2598
+4.4314,-12.6036
+4.4319,-12.6737
+4.4323,-12.7229
+4.4326,-12.7222
+4.433,-12.521
+4.4334,-12.1506
+4.4338,-11.9357
+4.4341,-11.3487
+4.4346,-10.8659
+4.435,-10.6326
+4.4354,-9.85467
+4.4358,-9.2073
+4.4361,-8.91266
+4.4366,-8.69396
+4.437,-8.43446
+4.4374,-8.16832
+4.4378,-7.81843
+4.4381,-7.77414
+4.4386,-7.64114
+4.439,-6.91465
+4.4394,-6.77548
+4.4398,-6.55704
+4.4401,-6.16411
+4.4406,-5.71623
+4.441,-5.56762
+4.4414,-5.78046
+4.4417,-5.96158
+4.4423,-5.79529
+4.4426,-5.60528
+4.443,-5.87138
+4.4434,-6.27622
+4.4438,-6.80327
+4.4441,-6.87499
+4.4446,-7.05636
+4.445,-7.42388
+4.4454,-7.43034
+4.4458,-7.31175
+4.4461,-7.47163
+4.4466,-7.65133
+4.4471,-7.78385
+4.4473,-7.44668
+4.4474,-7.31432
+4.4478,-7.40291
+4.4481,-7.37151
+4.4486,-7.26621
+4.449,-7.23124
+4.4494,-7.40565
+4.4498,-7.61742
+4.4501,-7.71765
+4.4506,-7.95834
+4.451,-8.25879
+4.4514,-8.42094
+4.4519,-8.54869
+4.4521,-8.71518
+4.4526,-8.70545
+4.4531,-8.63107
+4.4534,-8.46966
+4.4538,-8.2226
+4.4541,-7.88495
+4.4546,-7.16807
+4.455,-6.98392
+4.4554,-6.64419
+4.4558,-6.51906
+4.4561,-6.35931
+4.4566,-6.18258
+4.457,-5.84345
+4.4574,-5.53259
+4.4578,-5.24266
+4.4581,-5.26916
+4.4586,-5.35471
+4.459,-5.02416
+4.4594,-4.90705
+4.4598,-4.59877
+4.4601,-4.42656
+4.4606,-3.86031
+4.461,-3.89112
+4.4614,-4.04916
+4.4618,-4.15457
+4.4621,-4.38584
+4.4626,-4.63327
+4.463,-4.92173
+4.4634,-4.95939
+4.4638,-5.16316
+4.4641,-5.43634
+4.4646,-6.14014
+4.465,-6.37874
+4.4654,-6.28984
+4.4658,-6.5654
+4.4661,-6.73483
+4.4666,-7.03665
+4.467,-7.03737
+4.4674,-7.09421
+4.4678,-7.48423
+4.4681,-7.75748
+4.4686,-8.14923
+4.469,-8.07259
+4.4694,-8.82142
+4.4698,-9.27877
+4.4701,-9.77112
+4.4706,-9.65846
+4.471,-9.82175
+4.4714,-10.6538
+4.4718,-10.7706
+4.4721,-11.4687
+4.4726,-11.4752
+4.473,-11.8811
+4.4734,-12.4031
+4.4738,-12.8882
+4.4741,-13.2955
+4.4746,-14.1702
+4.475,-15.0397
+4.4754,-14.7846
+4.4758,-15.4453
+4.4761,-15.617
+4.4766,-16.1683
+4.477,-16.7696
+4.4774,-16.7649
+4.4778,-16.6391
+4.4781,-16.7146
+4.4786,-16.5068
+4.479,-16.3729
+4.4794,-17.0062
+4.4798,-16.4116
+4.4801,-16.0278
+4.4806,-15.8107
+4.481,-15.648
+4.4814,-15.1602
+4.4818,-14.965
+4.4823,-14.4625
+4.4826,-14.1177
+4.483,-13.7972
+4.4834,-13.1258
+4.4838,-12.9464
+4.4841,-12.6115
+4.4846,-11.8178
+4.485,-11.1144
+4.4854,-10.677
+4.4858,-10.0525
+4.4861,-9.16041
+4.4866,-8.55277
+4.487,-8.07469
+4.4874,-7.57132
+4.4878,-7.09059
+4.4881,-6.418
+4.4886,-5.79639
+4.489,-5.36691
+4.4894,-4.58066
+4.4898,-4.3297
+4.4901,-4.27345
+4.4906,-4.17865
+4.491,-4.03723
+4.4914,-3.79933
+4.4918,-3.68183
+4.4921,-3.29013
+4.4926,-3.63093
+4.493,-3.43283
+4.4934,-3.8689
+4.4938,-4.08258
+4.4941,-4.44413
+4.4946,-4.5621
+4.495,-4.78995
+4.4954,-5.2245
+4.4958,-5.20073
+4.4961,-5.99115
+4.4966,-6.46944
+4.497,-7.34148
+4.4974,-7.68152
+4.4978,-7.91118
+4.4981,-8.1344
+4.4986,-8.64629
+4.499,-8.95946
+4.4994,-9.27949
+4.4998,-9.63812
+4.5001,-9.90857
+4.5006,-10.1242
+4.501,-10.1903
+4.5014,-10.1998
+4.5018,-10.4702
+4.5021,-10.7342
+4.5026,-10.7088
+4.503,-10.6049
+4.5034,-10.567
+4.5038,-10.9715
+4.5041,-10.8078
+4.5046,-10.7061
+4.505,-10.5843
+4.5054,-10.7086
+4.5058,-10.0975
+4.5061,-9.50411
+4.5066,-9.22022
+4.507,-8.66655
+4.5081,-8.18133
+4.5084,-7.22486
+4.5087,-6.74801
+4.509,-6.15497
+4.5094,-5.70035
+4.5098,-5.21598
+4.5101,-5.14008
+4.5106,-4.9411
+4.511,-4.66091
+4.5114,-4.74298
+4.5118,-4.56258
+4.5121,-4.87886
+4.5126,-4.79131
+4.513,-4.91238
+4.5134,-4.93548
+4.5138,-5.20277
+4.5141,-5.22833
+4.5146,-5.45065
+4.515,-5.68826
+4.5154,-5.89858
+4.5158,-6.01968
+4.5161,-5.96434
+4.5166,-6.40065
+4.517,-6.69927
+4.5174,-6.56378
+4.5178,-6.709
+4.5181,-7.01333
+4.5186,-7.31413
+4.519,-7.63032
+4.5194,-7.87198
+4.5198,-8.43255
+4.5201,-9.01292
+4.5206,-9.3943
+4.521,-9.86114
+4.5214,-10.6342
+4.5218,-11.0479
+4.5221,-11.0693
+4.5226,-11.4733
+4.523,-11.8245
+4.5234,-12.063
+4.5238,-12.5017
+4.5241,-13.0191
+4.5246,-13.1055
+4.525,-13.0847
+4.5254,-12.9336
+4.5258,-12.7887
+4.5261,-13.0668
+4.5266,-13.025
+4.527,-12.6647
+4.5274,-12.6388
+4.5278,-12.1631
+4.5281,-11.7412
+4.5285,-11.266
+4.529,-11.0875
+4.5294,-11.0567
+4.5298,-10.7888
+4.5301,-10.3403
+4.5305,-9.90991
+4.531,-9.59781
+4.5314,-9.13437
+4.5318,-8.77645
+4.5321,-8.32337
+4.5326,-8.0903
+4.533,-7.53371
+4.5334,-7.2342
+4.5338,-6.95976
+4.5341,-6.6706
+4.5346,-6.34486
+4.535,-5.96433
+4.5354,-5.62855
+4.5358,-5.42157
+4.5361,-5.2976
+4.5366,-4.90094
+4.537,-4.72411
+4.5374,-4.4856
+4.5378,-4.08816
+4.5381,-3.94117
+4.5386,-4.21485
+4.539,-4.51871
+4.5394,-4.43905
+4.5398,-4.76721
+4.5401,-4.68969
+4.5406,-5.56134
+4.541,-6.25621
+4.5414,-6.49361
+4.5418,-7.46841
+4.5421,-8.00949
+4.5426,-8.12173
+4.543,-8.32963
+4.5434,-9.34398
+4.5438,-9.54888
+4.5441,-10.0676
+4.5446,-10.5042
+4.545,-10.7797
+4.5454,-11.2098
+4.5458,-11.5596
+4.5461,-12.1268
+4.5466,-12.8325
+4.547,-13.4047
+4.5474,-13.2355
+4.5478,-13.557
+4.5481,-13.8162
+4.5485,-13.498
+4.549,-13.1854
+4.5494,-13.1982
+4.5498,-12.4834
+4.5501,-11.9429
+4.5506,-11.2023
+4.551,-10.5027
+4.5514,-9.96308
+4.5518,-9.11749
+4.5522,-8.15627
+4.5526,-7.40924
+4.5528,-6.59064
+4.5531,-5.85375
+4.5534,-5.19021
+4.5538,-4.50598
+4.5541,-3.50495
+4.5546,-2.95748
+4.555,-2.50726
+4.5554,-2.1031
+4.5558,-2.18991
+4.5561,-2.06822
+4.5566,-2.24369
+4.557,-2.33946
+4.5574,-2.62927
+4.5578,-2.78638
+4.5581,-3.75078
+4.5585,-4.11437
+4.559,-4.47333
+4.5594,-5.06688
+4.5598,-5.48543
+4.5601,-6.21545
+4.5605,-6.92667
+4.561,-7.7259
+4.5614,-8.50562
+4.5618,-9.63693
+4.5621,-10.0577
+4.5625,-11.5828
+4.563,-12.5308
+4.5634,-13.6999
+4.5638,-14.737
+4.5641,-15.5617
+4.5646,-16.4121
+4.565,-16.7713
+4.5654,-17.1627
+4.5658,-17.035
+4.5661,-17.111
+4.5666,-16.4684
+4.567,-16.1881
+4.5674,-15.288
+4.5678,-14.6387
+4.5682,-13.7271
+4.5685,-12.7236
+4.569,-12.229
+4.5694,-11.4666
+4.5698,-11.3264
+4.5701,-10.9825
+4.5705,-10.5768
+4.571,-10.3986
+4.5714,-10.2161
+4.5718,-10.039
+4.5721,-10.2054
+4.5725,-10.1591
+4.573,-10.1485
+4.5734,-10.2743
+4.5738,-9.98742
+4.5741,-9.74499
+4.5746,-9.16293
+4.575,-8.97887
+4.5754,-8.77356
+4.5758,-8.41641
+4.5761,-7.91979
+4.5767,-7.42257
+4.577,-6.92534
+4.5774,-6.46561
+4.5778,-6.29133
+4.5781,-6.3937
+4.5785,-6.85377
+4.579,-6.84485
+4.5794,-7.44522
+4.5798,-8.17071
+4.5801,-9.0645
+4.5805,-10.337
+4.581,-11.5992
+4.5814,-12.4735
+4.5818,-13.1652
+4.5821,-14.3627
+4.5825,-14.8255
+4.583,-15.2673
+4.5834,-15.7369
+4.5839,-16.0456
+4.5842,-15.9132
+4.5846,-15.1612
+4.585,-14.2663
+4.5854,-13.7464
+4.5858,-12.8676
+4.5862,-11.1649
+4.5866,-10.0976
+4.587,-8.89553
+4.5874,-7.14103
+4.5878,-5.00314
+4.5881,-3.26354
+4.5885,-2.14131
+4.589,-0.853123
+4.5894,+0.274147
+4.5898,+0.657924
+4.5901,-1.3167
+4.5905,-1.02431
+4.591,-0.511507
+4.5914,+0.107358
+4.5918,+1.28377
+4.5921,+2.71683
+4.5925,+4.0549
+4.593,+5.75692
+4.5934,+7.53731
+4.5938,+9.25278
+4.5941,+10.8555
+4.5945,+12.1728
+4.595,+13.6153
+4.5954,+15.2088
+4.5958,+16.5887
+4.5962,+18.1651
+4.5965,+19.449
+4.597,+20.3667
+4.5974,+20.6924
+4.5978,+20.5138
+4.5981,+20.3405
+4.5985,+19.8354
+4.599,+18.9011
+4.5994,+17.3649
+4.5998,+15.9342
+4.6001,+13.4293
+4.6005,+11.1135
+4.601,+8.56216
+4.6014,+6.47441
+4.6018,+4.36688
+4.6021,+2.54969
+4.6025,+0.654674
+4.603,-1.05222
+4.6034,-1.90007
+4.6038,-2.85314
+4.6041,-3.28901
+4.6045,-3.58831
+4.605,-3.52573
+4.6054,-3.40159
+4.6058,-3.1572
+4.6061,-2.88486
+4.6065,-2.48153
+4.607,-1.50415
+4.6074,-1.16334
+4.6078,-0.338208
+4.6082,+0.739895
+4.6085,+1.77913
+4.609,+2.59651
+4.6094,+3.92886
+4.6105,+5.39365
+4.6107,+6.1805
+4.611,+7.39389
+4.6114,+8.73441
+4.6118,+9.76711
+4.6121,+10.9812
+4.6125,+11.4877
+4.613,+12.082
+4.6134,+13.2503
+4.6138,+14.1184
+4.6143,+14.7993
+4.6146,+15.9542
+4.615,+16.9337
+4.6154,+16.9826
+4.6158,+17.5711
+4.6161,+17.3494
+4.6165,+17.5377
+4.617,+17.5086
+4.6174,+16.9254
+4.6178,+16.0234
+4.6181,+15.0216
+4.6185,+13.8524
+4.619,+12.6937
+4.6194,+11.3716
+4.6198,+10.354
+4.6201,+8.98964
+4.6205,+8.20479
+4.621,+7.39732
+4.6214,+6.721
+4.6218,+5.93727
+4.6221,+5.50056
+4.6225,+5.22793
+4.623,+4.82863
+4.6234,+4.93743
+4.6238,+4.83348
+4.6241,+5.16455
+4.6245,+4.96896
+4.625,+4.83417
+4.6254,+4.71086
+4.6258,+4.63625
+4.6261,+4.47234
+4.6266,+4.34881
+4.627,+4.16474
+4.6274,+3.96259
+4.6278,+3.7989
+4.6281,+3.56943
+4.6285,+3.28711
+4.629,+3.01465
+4.6294,+2.87001
+4.6298,+2.99501
+4.6301,+2.95699
+4.6305,+3.10585
+4.631,+3.29808
+4.6314,+3.54801
+4.6318,+3.9888
+4.6321,+4.74268
+4.6325,+5.5458
+4.633,+6.52727
+4.6334,+7.54427
+4.6338,+8.44766
+4.6343,+9.56472
+4.6346,+10.683
+4.635,+11.94
+4.6354,+13.205
+4.6358,+14.3577
+4.6361,+15.1963
+4.6365,+16.165
+4.637,+16.8808
+4.6374,+17.5531
+4.6378,+18.0965
+4.6381,+18.5454
+4.6385,+18.7332
+4.639,+18.7735
+4.6394,+18.6658
+4.6398,+18.1738
+4.6401,+17.3243
+4.6405,+16.4999
+4.641,+15.9149
+4.6414,+15.0513
+4.6418,+14.0312
+4.6421,+13.1303
+4.6425,+12.0099
+4.643,+10.8373
+4.6434,+9.76043
+4.6438,+8.93781
+4.6441,+8.56234
+4.6446,+7.92635
+4.645,+7.1479
+4.6454,+6.62494
+4.6458,+6.26021
+4.6461,+5.93838
+4.6465,+5.95725
+4.647,+6.03885
+4.6474,+6.24515
+4.6478,+6.5065
+4.6481,+7.08582
+4.6485,+7.61063
+4.649,+8.12547
+4.6494,+8.13126
+4.6498,+8.53788
+4.6501,+9.26235
+4.6505,+9.86976
+4.651,+10.6408
+4.6514,+11.0137
+4.6518,+11.5137
+4.6521,+11.845
+4.6525,+12.1563
+4.653,+12.4868
+4.6534,+13.291
+4.6538,+13.7741
+4.6541,+13.8108
+4.6548,+13.7769
+4.6553,+13.7847
+4.6555,+13.7689
+4.656,+13.7525
+4.6565,+13.3979
+4.6568,+13.0555
+4.657,+12.6923
+4.6574,+12.3472
+4.6578,+11.9253
+4.6581,+11.1161
+4.6585,+10.6982
+4.659,+10.1585
+4.6594,+9.78521
+4.6598,+9.12292
+4.6601,+8.78831
+4.6605,+8.58034
+4.661,+8.28155
+4.6614,+7.94801
+4.6618,+7.5408
+4.6621,+7.37227
+4.6625,+7.09399
+4.663,+6.50771
+4.6634,+6.0715
+4.6638,+5.71464
+4.6641,+5.28415
+4.6645,+4.70131
+4.665,+4.24291
+4.6654,+3.48694
+4.6658,+2.56566
+4.6661,+2.08879
+4.6665,+1.19781
+4.667,+0.824538
+4.6674,+0.369076
+4.6678,-0.0278757
+4.6681,-0.53324
+4.6685,-0.678124
+4.669,-0.664641
+4.6694,-0.452447
+4.6698,+0.41706
+4.6701,+0.84455
+4.6705,+1.90305
+4.671,+2.52308
+4.6714,+3.55695
+4.6718,+4.74107
+4.6721,+5.65822
+4.6725,+6.91678
+4.673,+8.07844
+4.6734,+9.44279
+4.6738,+10.0525
+4.6742,+11.343
+4.6745,+11.874
+4.675,+12.9678
+4.6754,+13.3321
+4.6758,+13.9957
+4.6761,+15.022
+4.6765,+14.9944
+4.677,+15.4001
+4.6774,+15.1104
+4.6778,+15.2552
+4.6781,+15.4831
+4.6785,+15.3674
+4.679,+15.021
+4.6794,+14.9194
+4.6798,+14.644
+4.6801,+13.9124
+4.6805,+14.1086
+4.681,+13.1635
+4.6814,+13.5077
+4.6818,+13.6066
+4.6821,+12.429
+4.6825,+12.3336
+4.683,+11.6592
+4.6834,+11.3548
+4.6838,+10.6136
+4.6842,+10.3429
+4.6845,+9.51219
+4.685,+9.03305
+4.6854,+7.75055
+4.6858,+6.48777
+4.6861,+5.65765
+4.6865,+4.62902
+4.687,+3.99097
+4.6874,+2.7617
+4.6878,+1.87853
+4.6881,+0.972139
+4.6885,+0.304274
+4.689,-0.15417
+4.6894,-0.379653
+4.6898,-0.288619
+4.6901,+0.151289
+4.6905,+0.333985
+4.691,+0.83236
+4.6914,+1.74683
+4.6918,+2.6064
+4.6922,+3.52615
+4.6925,+4.64601
+4.693,+6.00788
+4.6934,+7.25939
+4.6938,+8.72031
+4.6942,+10.0538
+4.6945,+11.5311
+4.695,+12.8285
+4.6955,+14.3638
+4.6958,+15.8324
+4.6962,+17.2914
+4.6965,+18.7796
+4.697,+19.9215
+4.6974,+21.2645
+4.6978,+22.3408
+4.6981,+23.2846
+4.6985,+24.219
+4.699,+24.9111
+4.6994,+25.2013
+4.6998,+25.4231
+4.7001,+25.3163
+4.7005,+24.7863
+4.701,+24.1159
+4.7014,+23.0535
+4.7018,+21.7323
+4.7022,+20.2797
+4.7025,+18.9565
+4.703,+17.1033
+4.7034,+15.3181
+4.7038,+13.0707
+4.7042,+10.9682
+4.7045,+8.98443
+4.705,+6.79682
+4.7054,+4.56489
+4.7058,+2.34456
+4.7061,+0.343054
+4.7065,-1.87874
+4.707,-3.22117
+4.7074,-4.66864
+4.7078,-5.89976
+4.7082,-6.86242
+4.7085,-7.56323
+4.709,-7.88106
+4.7094,-7.88243
+4.7098,-7.45276
+4.7101,-7.25873
+4.7105,-6.47293
+4.711,-6.0499
+4.7114,-5.27645
+4.7118,-4.13982
+4.7129,-2.96541
+4.7131,-1.84127
+4.7134,-0.54118
+4.7138,+0.6865
+4.7141,+1.90679
+4.7145,+3.47666
+4.715,+4.65024
+4.7154,+6.07206
+4.7158,+7.45293
+4.7161,+9.25286
+4.7165,+10.4289
+4.717,+11.9854
+4.7174,+13.0385
+4.7178,+14.6104
+4.7182,+16.0727
+4.7185,+17.3828
+4.719,+18.6932
+4.7194,+19.7728
+4.7198,+20.4448
+4.7202,+20.8905
+4.7205,+21.4742
+4.721,+21.3282
+4.7214,+21.2552
+4.7218,+20.254
+4.7222,+19.4425
+4.7225,+18.1128
+4.723,+16.6415
+4.7234,+15.0373
+4.7238,+13.3873
+4.7241,+11.6076
+4.7245,+9.896
+4.7251,+7.87846
+4.7254,+6.09675
+4.7259,+4.46003
+4.7262,+2.56749
+4.7266,+1.25373
+4.7271,-0.133062
+4.7274,-1.36242
+4.7278,-2.29333
+4.7282,-3.40109
+4.7286,-4.12334
+4.7291,-4.25109
+4.7294,-4.42746
+4.7298,-4.15237
+4.7302,-4.01039
+4.7306,-4.0312
+4.7311,-3.95145
+4.7314,-3.39153
+4.7318,-2.79192
+4.7322,-2.05028
+4.7325,-1.92219
+4.7331,-1.28111
+4.7334,-0.685719
+4.7338,-0.237836
+4.7342,+0.315142
+4.7346,+1.4931
+4.7351,+2.14859
+4.7354,+2.70084
+4.7358,+3.27137
+4.7362,+3.76731
+4.7366,+4.79588
+4.737,+5.12066
+4.7374,+5.93207
+4.7378,+6.54639
+4.7382,+7.26507
+4.7386,+7.59907
+4.7391,+8.64722
+4.7394,+9.35261
+4.7398,+10.0189
+4.7402,+11.2026
+4.7406,+11.9549
+4.7411,+12.5966
+4.7414,+13.4677
+4.7418,+14.6869
+4.7422,+15.6223
+4.7426,+16.669
+4.7431,+17.3321
+4.7434,+18.0084
+4.7438,+18.7788
+4.7442,+18.6017
+4.7446,+18.6412
+4.7451,+18.6898
+4.7454,+18.2366
+4.7459,+17.5832
+4.7463,+16.7875
+4.7466,+15.9122
+4.747,+15.0481
+4.7475,+14.2716
+4.7478,+13.2647
+4.7481,+12.588
+4.7483,+11.7223
+4.7486,+10.9961
+4.7489,+10.3482
+4.7494,+9.75097
+4.7498,+9.30091
+4.7502,+8.44376
+4.7506,+7.71466
+4.7511,+6.9657
+4.7514,+6.16458
+4.7518,+5.26209
+4.7522,+4.44741
+4.7526,+3.82384
+4.7531,+2.99019
+4.7534,+1.94276
+4.7538,+1.53866
+4.7542,+1.3617
+4.7546,+0.971935
+4.7551,+0.827704
+4.7554,+0.508462
+4.7558,+0.45694
+4.7562,+0.737999
+4.7565,+0.866894
+4.7568,+1.33819
+4.7571,+1.8648
+4.7574,+2.0362
+4.7578,+2.40459
+4.7582,+3.11029
+4.7585,+3.67197
+4.7591,+4.61968
+4.7594,+5.62844
+4.7598,+6.62169
+4.7602,+7.65996
+4.7606,+8.64932
+4.7611,+10.1068
+4.7614,+11.0668
+4.7618,+12.5861
+4.7622,+13.9904
+4.7626,+15.4129
+4.7631,+16.6415
+4.7634,+17.4632
+4.7638,+18.271
+4.7642,+18.97
+4.7646,+19.5158
+4.7649,+19.4394
+4.7655,+19.8108
+4.7658,+19.2758
+4.7662,+18.874
+4.7666,+18.1723
+4.7671,+17.5545
+4.7674,+17.2326
+4.7678,+16.6455
+4.7682,+16.0178
+4.7686,+15.2803
+4.7691,+14.8245
+4.7694,+14.1207
+4.7699,+13.6903
+4.7701,+13.0254
+4.7704,+12.481
+4.7706,+12.085
+4.7711,+11.5188
+4.7714,+11.1134
+4.7718,+10.7287
+4.7722,+10.4386
+4.7726,+9.98912
+4.7729,+9.6873
+4.7734,+9.45672
+4.7738,+9.13756
+4.7742,+8.94263
+4.7746,+8.54735
+4.7751,+7.73966
+4.7754,+7.3436
+4.7758,+6.97529
+4.7763,+6.63946
+4.7766,+6.31594
+4.7771,+6.00672
+4.7774,+5.69252
+4.7778,+5.61482
+4.7782,+5.42829
+4.7786,+5.27283
+4.7791,+5.74488
+4.7794,+5.89032
+4.7798,+6.08684
+4.7802,+6.24753
+4.7805,+6.57703
+4.7812,+7.04399
+4.7815,+7.3373
+4.7818,+7.57896
+4.7822,+7.89517
+4.7825,+7.99259
+4.783,+8.28014
+4.7834,+8.16917
+4.7838,+8.54069
+4.7841,+8.49936
+4.7845,+8.77018
+4.785,+8.90992
+4.7854,+9.0624
+4.7858,+8.98765
+4.7862,+9.06841
+4.7865,+9.13771
+4.787,+9.36849
+4.7874,+9.94193
+4.7878,+9.68277
+4.7882,+10.2618
+4.7885,+10.4936
+4.7889,+10.899
+4.7894,+11.3478
+4.7898,+12.8517
+4.7902,+12.6117
+4.7905,+12.8221
+4.791,+12.3632
+4.7914,+11.8677
+4.7918,+11.8139
+4.7921,+11.1874
+4.7925,+10.8274
+4.793,+9.87007
+4.7934,+9.57346
+4.7938,+8.79055
+4.7941,+9.05151
+4.7945,+8.98148
+4.795,+8.69372
+4.7954,+8.74625
+4.7958,+8.38982
+4.7962,+8.60649
+4.7965,+8.52685
+4.7969,+8.60857
+4.7974,+8.2601
+4.7978,+8.04288
+4.7982,+7.92303
+4.7985,+8.14724
+4.7989,+8.75927
+4.7994,+8.95828
+4.7998,+9.69812
+4.8002,+9.90609
+4.8005,+10.0574
+4.801,+10.3898
+4.8014,+10.4831
+4.8018,+11.1124
+4.8022,+11.3421
+4.8025,+11.517
+4.803,+11.5799
+4.8034,+11.8586
+4.8038,+11.8817
+4.8041,+12.0698
+4.8046,+12.3508
+4.8049,+12.5165
+4.8054,+12.8981
+4.8058,+13.1284
+4.8062,+13.2716
+4.8067,+13.6402
+4.807,+14.0235
+4.8074,+14.3801
+4.8078,+14.8984
+4.8082,+15.3078
+4.8085,+15.6302
+4.809,+16.3058
+4.8094,+16.8204
+4.8098,+17.5523
+4.8102,+17.298
+4.8105,+17.6009
+4.811,+17.8064
+4.8114,+17.8871
+4.8118,+17.7312
+4.8122,+17.7083
+4.8125,+17.6864
+4.8129,+17.4618
+4.8134,+16.5668
+4.8138,+15.4998
+4.8142,+15.9942
+4.8153,+15.3944
+4.8156,+14.8514
+4.8159,+14.1898
+4.8162,+13.706
+4.8165,+13.0489
+4.817,+12.3518
+4.8174,+11.6061
+4.8178,+11.3535
+4.8181,+11.1323
+4.8185,+10.2153
+4.819,+9.36187
+4.8194,+8.74594
+4.8198,+8.24553
+4.8201,+7.57168
+4.8205,+6.83445
+4.8209,+6.24397
+4.8214,+5.58153
+4.8218,+5.11016
+4.8221,+4.76345
+4.8225,+4.29108
+4.823,+4.07683
+4.8234,+3.82213
+4.8238,+3.5738
+4.8241,+2.91555
+4.8245,+3.01536
+4.825,+2.47945
+4.8254,+2.5496
+4.8258,+2.70025
+4.8261,+2.61594
+4.8265,+2.91197
+4.827,+3.20494
+4.8274,+3.41367
+4.8278,+3.85264
+4.8282,+4.75564
+4.8285,+4.69596
+4.8289,+5.75354
+4.8294,+6.38844
+4.8298,+6.89096
+4.8302,+7.52481
+4.8305,+7.68783
+4.831,+8.34147
+4.8314,+8.36634
+4.8318,+8.85537
+4.8322,+9.06079
+4.8325,+9.70964
+4.833,+9.89086
+4.8334,+9.88048
+4.8338,+10.0978
+4.8342,+10.3445
+4.8345,+10.8864
+4.835,+10.994
+4.8354,+11.7702
+4.8358,+11.8229
+4.8361,+12.3822
+4.8365,+12.8788
+4.837,+13.405
+4.8374,+14.104
+4.8378,+14.4324
+4.8382,+14.8824
+4.8385,+15.3577
+4.839,+15.8114
+4.8394,+16.6181
+4.8398,+16.995
+4.8402,+17.5906
+4.8405,+18.2752
+4.841,+18.0931
+4.8414,+18.6183
+4.8418,+19.1297
+4.8421,+19.421
+4.8425,+19.602
+4.843,+19.6038
+4.8434,+19.1035
+4.8438,+18.8947
+4.8441,+18.2045
+4.8445,+17.3501
+4.8449,+16.9059
+4.8454,+15.6627
+4.8458,+14.3348
+4.8461,+13.1056
+4.8465,+12.012
+4.8469,+10.9108
+4.8475,+9.89994
+4.8478,+8.95211
+4.8481,+8.12415
+4.8485,+7.20235
+4.8489,+6.54601
+4.8494,+5.64029
+4.8498,+5.49547
+4.8501,+5.27219
+4.8505,+4.8411
+4.8509,+4.2824
+4.8514,+3.73763
+4.8518,+3.42887
+4.8522,+3.21818
+4.8525,+3.14987
+4.8529,+3.1742
+4.8534,+3.76575
+4.8538,+3.85602
+4.8542,+3.98874
+4.8545,+4.47433
+4.855,+5.13513
+4.8554,+5.86715
+4.8558,+6.48239
+4.8562,+7.04628
+4.8565,+7.69406
+4.8569,+8.23227
+4.8574,+8.50923
+4.8578,+8.45588
+4.8582,+8.85712
+4.8585,+9.2121
+4.859,+9.12656
+4.8594,+9.64865
+4.8598,+9.64294
+4.8601,+9.64364
+4.8605,+9.77505
+4.8609,+9.94461
+4.8614,+10.415
+4.8618,+11.1455
+4.8621,+11.5528
+4.8625,+11.6717
+4.8629,+12.3854
+4.8634,+12.34
+4.8638,+12.7738
+4.8642,+13.1959
+4.8645,+13.2389
+4.8649,+13.6041
+4.8654,+13.2678
+4.8658,+13.4941
+4.8661,+12.9689
+4.8665,+12.6215
+4.8669,+11.9119
+4.8674,+11.9305
+4.8678,+11.9279
+4.8682,+11.5309
+4.8685,+11.7724
+4.8689,+11.8119
+4.8694,+12.2248
+4.8698,+12.2698
+4.8702,+13.0912
+4.8705,+13.8064
+4.8709,+14.8096
+4.8714,+14.935
+4.8718,+15.0795
+4.8721,+15.6231
+4.8725,+15.3638
+4.873,+15.2211
+4.8734,+14.8512
+4.8738,+14.2924
+4.8741,+13.4607
+4.8745,+12.4295
+4.8749,+11.327
+4.8754,+10.5726
+4.8758,+9.84831
+4.8762,+9.21989
+4.8765,+8.87212
+4.8769,+8.39467
+4.8775,+8.37882
+4.8779,+8.4364
+4.8782,+8.82773
+4.8785,+9.57312
+4.8789,+10.319
+4.8794,+11.1712
+4.8798,+12.3454
+4.8802,+13.3646
+4.8805,+14.4622
+4.8809,+15.5396
+4.8814,+16.5508
+4.8818,+16.9196
+4.8822,+17.6951
+4.8825,+18.2573
+4.8829,+18.2214
+4.8834,+18.0468
+4.8838,+17.9698
+4.8842,+17.3045
+4.8845,+16.7385
+4.8849,+16.0248
+4.8854,+15.8531
+4.8858,+15.6238
+4.8862,+14.8344
+4.8865,+13.9964
+4.8869,+13.7499
+4.8874,+13.7062
+4.8878,+13.0724
+4.8882,+13.0652
+4.8885,+12.8866
+4.8889,+12.7737
+4.8894,+12.0133
+4.8898,+11.7694
+4.8901,+11.3374
+4.8905,+11.2866
+4.8909,+11.0747
+4.8914,+11.0622
+4.8918,+11.2074
+4.8922,+10.8475
+4.8925,+10.4923
+4.8929,+10.6377
+4.8934,+10.785
+4.8938,+11.1963
+4.8942,+11.6893
+4.8945,+11.8424
+4.8949,+12.1356
+4.8954,+11.7452
+4.8958,+11.195
+4.8962,+11.1552
+4.8965,+11.266
+4.8969,+10.5523
+4.8974,+9.96741
+4.8978,+9.20005
+4.8981,+8.51548
+4.8985,+8.07511
+4.8989,+7.56922
+4.8994,+7.26934
+4.8998,+7.35433
+4.9002,+7.48001
+4.9005,+7.57679
+4.9009,+8.20609
+4.9014,+8.97377
+4.9018,+9.73924
+4.9022,+10.8396
+4.9025,+11.9355
+4.9029,+13.4117
+4.9034,+15.0466
+4.9038,+16.5559
+4.9042,+18.0017
+4.9045,+19.8156
+4.9049,+21.2282
+4.9054,+22.6046
+4.9058,+23.7945
+4.9062,+24.7845
+4.9065,+25.9437
+4.9069,+26.6433
+4.9074,+27.3463
+4.9078,+27.2012
+4.9082,+27.6466
+4.9085,+27.4712
+4.9089,+27.8241
+4.9094,+27.7689
+4.9098,+27.8449
+4.9102,+27.1742
+4.9105,+26.6982
+4.9109,+25.739
+4.9114,+25.0372
+4.9118,+24.4298
+4.9122,+23.2419
+4.9126,+21.9797
+4.9129,+20.2444
+4.9134,+18.6042
+4.9138,+16.9983
+4.9141,+16.1596
+4.9145,+14.6947
+4.9149,+13.717
+4.9154,+11.75
+4.9158,+10.1457
+4.9162,+8.93345
+4.9165,+7.81809
+4.9177,+6.63715
+4.9179,+5.50499
+4.9182,+4.2378
+4.9185,+2.72952
+4.9189,+1.15406
+4.9194,-0.153533
+4.9198,-0.950139
+4.9202,-1.40045
+4.9205,-2.35804
+4.9209,-3.0836
+4.9214,-3.53118
+4.9218,-4.05307
+4.9222,-4.22679
+4.9225,-4.23847
+4.9229,-4.10634
+4.9234,-3.87624
+4.9238,-3.38528
+4.9242,-2.79534
+4.9245,-1.96256
+4.9249,-1.1747
+4.9254,-0.123607
+4.9258,+0.813187
+4.9262,+1.58012
+4.9265,+2.5475
+4.9269,+3.7657
+4.9274,+4.93552
+4.9278,+6.04529
+4.9282,+7.26108
+4.9285,+8.46135
+4.9289,+9.75823
+4.9294,+10.7294
+4.9298,+12.2082
+4.9301,+14.248
+4.9305,+15.5166
+4.9309,+16.906
+4.9314,+18.2235
+4.9318,+19.2646
+4.9321,+20.4535
+4.9325,+21.6044
+4.9329,+22.4747
+4.9334,+23.508
+4.9338,+24.1691
+4.9342,+24.3585
+4.9345,+24.8468
+4.9349,+25.0367
+4.9354,+25.6003
+4.9358,+25.7574
+4.9362,+25.5244
+4.9365,+25.079
+4.9369,+24.6101
+4.9374,+23.9983
+4.9378,+23.1933
+4.9382,+22.0915
+4.9387,+21.8341
+4.939,+20.6916
+4.9394,+19.0367
+4.9398,+17.673
+4.9402,+16.5066
+4.9405,+15.5297
+4.9409,+14.4733
+4.9414,+13.3696
+4.9418,+12.5131
+4.9422,+11.6494
+4.9425,+10.1006
+4.9429,+9.28438
+4.9434,+8.34801
+4.9438,+7.5794
+4.9442,+6.62605
+4.9445,+5.54684
+4.9449,+4.18469
+4.9454,+3.24255
+4.9458,+2.45316
+4.9462,+1.88706
+4.9465,+1.70692
+4.9469,+1.67423
+4.9474,+1.88814
+4.9478,+2.08053
+4.9482,+2.74442
+4.9485,+3.63197
+4.9489,+4.61253
+4.9494,+5.98885
+4.9498,+7.40339
+4.9502,+8.49313
+4.9505,+9.29108
+4.9509,+10.2214
+4.9514,+11.2473
+4.9518,+12.4196
+4.9522,+13.4284
+4.9525,+14.2868
+4.9529,+16.1841
+4.9534,+17.0221
+4.9538,+17.6301
+4.9542,+18.7509
+4.9545,+19.6501
+4.9549,+20.6226
+4.9554,+21.4918
+4.9558,+22.3435
+4.9562,+23.5598
+4.9565,+24.6302
+4.9569,+25.0929
+4.9574,+25.824
+4.9578,+26.4145
+4.9582,+26.8045
+4.9587,+27.01
+4.9589,+26.8944
+4.9594,+26.4588
+4.9598,+25.8819
+4.9602,+24.2607
+4.9605,+22.6706
+4.9609,+20.7154
+4.9614,+18.6696
+4.9618,+16.5373
+4.9622,+14.2565
+4.9625,+12.2178
+4.9629,+9.94144
+4.9634,+7.77768
+4.9638,+5.49439
+4.9642,+3.5533
+4.9645,+1.53121
+4.9649,-0.0972223
+4.9654,-1.7523
+4.9658,-3.17273
+4.9662,-4.39296
+4.9665,-5.28427
+4.9669,-5.78216
+4.9674,-5.94117
+4.9678,-5.98809
+4.9682,-5.81138
+4.9685,-5.32576
+4.9692,-4.65827
+4.9694,-3.68965
+4.9698,-2.42692
+4.9702,-1.33915
+4.9705,-0.433998
+4.9709,+1.26397
+4.9714,+2.27428
+4.9718,+3.71726
+4.9722,+5.2022
+4.9725,+6.63837
+4.9729,+8.48408
+4.9734,+9.87981
+4.9738,+11.2494
+4.9742,+12.9202
+4.9745,+14.7832
+4.9749,+15.7863
+4.9754,+17.314
+4.9758,+18.794
+4.9762,+20.1322
+4.9765,+21.9555
+4.9769,+23.3129
+4.9774,+25.103
+4.9778,+25.8527
+4.9782,+27.3011
+4.9785,+28.3882
+4.9789,+29.3796
+4.9794,+30.3291
+4.9798,+30.8934
+4.9802,+31.1406
+4.9805,+30.7903
+4.9809,+29.9092
+4.9814,+28.7111
+4.9818,+28.307
+4.9822,+26.7692
+4.9825,+25.144
+4.9829,+23.1103
+4.9834,+21.0246
+4.9838,+18.7842
+4.9842,+16.4253
+4.9845,+13.9623
+4.9849,+11.6408
+4.9854,+9.50069
+4.9858,+7.07557
+4.9862,+4.9548
+4.9865,+2.95178
+4.9869,+1.54099
+4.9874,+0.263619
+4.9878,-0.803348
+4.9882,-1.55131
+4.9885,-2.39162
+4.989,-2.59449
+4.9894,-3.1178
+4.9898,-2.75582
+4.9902,-2.27326
+4.9905,-1.92801
+4.9909,-1.0432
+4.9914,-0.775705
+4.9918,-0.0548583
+4.9922,+1.24458
+4.9925,+2.56548
+4.9929,+4.13224
+4.9934,+5.66599
+4.9938,+6.69134
+4.9942,+7.77516
+4.9945,+9.87618
+4.9949,+10.9622
+4.9954,+13.4579
+4.9958,+15.6299
+4.9962,+17.3166
+4.9965,+18.7057
+4.9969,+20.0605
+4.9974,+21.2473
+4.9978,+23.2096
+4.9982,+25.0031
+4.9985,+25.9202
+4.9989,+27.2111
+4.9994,+27.7274
+4.9998,+28.2571
+5.0002,+28.5611
+5.0005,+29.4275
+5.0009,+29.7483
+5.0014,+30.3847
+5.0018,+30.0636
+5.0022,+29.7896
+5.0025,+29.1993
+5.0029,+28.5521
+5.0034,+27.7957
+5.0038,+26.7471
+5.0042,+25.6355
+5.0045,+24.3797
+5.0049,+22.7467
+5.0054,+21.2469
+5.0058,+19.4076
+5.0062,+17.3565
+5.0065,+15.9139
+5.0069,+14.2912
+5.0074,+12.6679
+5.0078,+11.1755
+5.0082,+9.87431
+5.0086,+8.61262
+5.0089,+7.76316
+5.0094,+6.91739
+5.0098,+6.0192
+5.0102,+5.76752
+5.0105,+5.4943
+5.0109,+4.89472
+5.0114,+4.45609
+5.0118,+4.20372
+5.0122,+3.9641
+5.0125,+3.90617
+5.0129,+4.28525
+5.0134,+4.26259
+5.0138,+5.51049
+5.0142,+5.73515
+5.0145,+5.90411
+5.0149,+7.24624
+5.0154,+7.84092
+5.0158,+8.30479
+5.0162,+9.52356
+5.0165,+10.249
+5.0169,+10.9373
+5.0174,+12.1876
+5.0178,+12.496
+5.0182,+13.6328
+5.0185,+14.6542
+5.0189,+15.0011
+5.0201,+15.7218
+5.0204,+16.5438
+5.0206,+16.5068
+5.0209,+16.9576
+5.0214,+16.9412
+5.0218,+16.6582
+5.0222,+16.4453
+5.0225,+15.9675
+5.0229,+15.4429
+5.0234,+14.873
+5.0238,+13.9789
+5.0242,+13.4421
+5.0246,+12.8396
+5.0249,+12.1409
+5.0254,+11.306
+5.0258,+10.701
+5.0262,+10.0296
+5.0265,+9.4752
+5.0269,+9.03622
+5.0274,+8.51783
+5.0278,+8.55895
+5.0282,+8.11198
+5.0285,+7.56891
+5.0289,+7.0684
+5.0295,+7.227
+5.0298,+6.89321
+5.0302,+7.13969
+5.0305,+7.30842
+5.0309,+6.96346
+5.0314,+6.81999
+5.0318,+7.47535
+5.0322,+7.67319
+5.0325,+8.18333
+5.0329,+8.87178
+5.0334,+9.46125
+5.0338,+10.2511
+5.0342,+10.2273
+5.0345,+10.6293
+5.0349,+11.1997
+5.0354,+11.8556
+5.0358,+11.6199
+5.0362,+12.4674
+5.0365,+12.8469
+5.0369,+13.5015
+5.0374,+13.7516
+5.0378,+14.1054
+5.0382,+15.006
+5.0385,+15.281
+5.0389,+15.9243
+5.0394,+16.469
+5.0398,+17.0366
+5.0402,+17.0918
+5.0405,+17.2871
+5.0409,+17.2183
+5.0414,+16.9039
+5.0418,+16.8021
+5.0422,+16.4178
+5.0425,+16.2036
+5.0429,+15.76
+5.0434,+14.8815
+5.0438,+14.6478
+5.0442,+14.0759
+5.0446,+13.8319
+5.0449,+13.2171
+5.0454,+12.3357
+5.0458,+11.795
+5.0462,+11.4938
+5.0465,+10.7678
+5.0469,+10.6671
+5.0474,+11.1089
+5.0478,+10.9509
+5.0482,+10.6103
+5.0485,+10.8964
+5.0489,+11.538
+5.0493,+12.0257
+5.0498,+12.0751
+5.0502,+12.0137
+5.0505,+12.5861
+5.0509,+13.1915
+5.0514,+13.1454
+5.0518,+13.3338
+5.0522,+13.9398
+5.0525,+13.8656
+5.0529,+14.3407
+5.0534,+14.9902
+5.0538,+15.6345
+5.0542,+16.2623
+5.0545,+16.612
+5.0549,+17.1276
+5.0554,+18.1458
+5.0558,+19.1586
+5.0562,+19.9601
+5.0565,+20.9343
+5.0569,+21.1522
+5.0574,+21.6991
+5.0578,+22.3754
+5.0582,+22.8677
+5.0585,+23.2304
+5.0589,+22.3585
+5.0593,+22.0256
+5.0598,+21.5994
+5.0603,+21.2228
+5.0606,+20.621
+5.0609,+19.9846
+5.0614,+19.3085
+5.0618,+18.5073
+5.0622,+18.0416
+5.0625,+17.4981
+5.0629,+17.5702
+5.0634,+16.8791
+5.0638,+16.3143
+5.0642,+15.7905
+5.0646,+15.2964
+5.0649,+14.7771
+5.0653,+14.5043
+5.0658,+14.1764
+5.0663,+13.7869
+5.0666,+13.7974
+5.0669,+13.5478
+5.0673,+13.7544
+5.0678,+13.8509
+5.0682,+14.1
+5.0686,+14.3462
+5.0689,+14.8379
+5.0694,+15.2445
+5.0698,+15.654
+5.0702,+15.6879
+5.0705,+15.611
+5.0709,+16.4718
+5.0713,+16.5607
+5.0718,+17.3686
+5.0722,+17.254
+5.0725,+17.9715
+5.0729,+18.3237
+5.0733,+18.6945
+5.0738,+19.3902
+5.0742,+20.291
+5.0745,+21
+5.0749,+21.0369
+5.0753,+20.9354
+5.0758,+20.7788
+5.0763,+21.3673
+5.0766,+21.0948
+5.0769,+20.8555
+5.0774,+20.5391
+5.0778,+19.9535
+5.0782,+19.6286
+5.0785,+19.4108
+5.0789,+18.8901
+5.0793,+19.1073
+5.0798,+17.8927
+5.0802,+16.9018
+5.0806,+16.495
+5.0809,+16.3815
+5.0813,+16.109
+5.0818,+15.8078
+5.0822,+15.3447
+5.0825,+14.8146
+5.0829,+14.0725
+5.0833,+13.2547
+5.0838,+13.5746
+5.0842,+13.9805
+5.0845,+13.8313
+5.0849,+13.3666
+5.0854,+13.3104
+5.0858,+13.394
+5.0862,+12.7247
+5.0865,+13.1382
+5.0869,+13.9911
+5.0873,+14.8104
+5.0878,+15.266
+5.0882,+15.4613
+5.0886,+15.8094
+5.0889,+16.3223
+5.0893,+16.5949
+5.0898,+16.9447
+5.0902,+17.9354
+5.0905,+17.904
+5.0909,+17.5972
+5.0913,+17.2813
+5.0918,+16.8023
+5.0922,+16.6107
+5.0926,+16
+5.0929,+15.6016
+5.0933,+15.047
+5.0938,+14.2547
+5.0942,+13.3556
+5.0945,+12.5896
+5.0949,+12.0915
+5.0953,+11.6396
+5.0958,+11.1093
+5.0962,+10.2378
+5.0966,+9.75071
+5.0969,+9.01491
+5.0973,+8.53897
+5.0978,+8.08732
+5.0982,+7.85228
+5.0985,+7.46821
+5.0989,+7.10102
+5.0993,+6.40288
+5.0998,+5.93632
+5.1002,+5.63039
+5.1005,+5.32726
+5.1009,+5.22788
+5.1014,+5.01932
+5.1018,+4.98098
+5.1022,+4.97454
+5.1025,+5.20688
+5.1029,+5.52481
+5.1033,+6.30764
+5.1038,+6.99052
+5.1042,+7.88288
+5.1046,+9.07393
+5.1049,+9.72246
+5.1053,+10.6171
+5.1058,+11.4709
+5.1062,+12.3563
+5.1065,+13.2159
+5.1069,+14.0495
+5.1073,+15.3391
+5.1078,+16.7598
+5.1082,+17.9411
+5.1085,+18.8579
+5.1089,+20.1293
+5.1094,+21.0886
+5.1098,+21.8376
+5.1102,+22.3948
+5.1107,+22.6962
+5.1109,+22.7085
+5.1113,+22.0158
+5.1118,+21.0765
+5.1122,+20.1895
+5.1126,+18.9895
+5.1129,+17.6828
+5.1133,+16.3277
+5.1138,+15.0097
+5.1142,+13.6543
+5.1145,+12.343
+5.1149,+11.1285
+5.1153,+10.0846
+5.1158,+8.99866
+5.1162,+7.42877
+5.1166,+6.60736
+5.1169,+5.86953
+5.1173,+4.80208
+5.1178,+3.75277
+5.1182,+2.88538
+5.1185,+2.26805
+5.1189,+1.68153
+5.1193,+1.14384
+5.1198,+0.879917
+5.1202,+1.2898
+5.1205,+1.12238
+5.1209,+1.1407
+5.1214,+1.76745
+5.1225,+2.53688
+5.1228,+3.39094
+5.123,+4.1111
+5.1234,+4.96774
+5.1238,+5.89016
+5.1242,+6.82576
+5.1245,+7.75243
+5.1249,+8.63561
+5.1254,+9.41737
+5.1258,+10.1689
+5.1262,+11.1073
+5.1265,+11.9413
+5.1269,+12.8399
+5.1273,+13.6544
+5.1278,+15.0723
+5.1282,+15.8388
+5.1285,+17.1926
+5.1289,+18.8119
+5.1293,+20.0148
+5.1298,+21.2479
+5.1302,+21.9855
+5.1305,+22.5685
+5.1309,+23.0576
+5.1313,+23.3899
+5.1318,+22.6724
+5.1322,+22.5426
+5.1325,+21.1918
+5.1329,+19.5793
+5.1334,+18.165
+5.1338,+16.3401
+5.1342,+14.5548
+5.1345,+12.7923
+5.1349,+10.6387
+5.1353,+8.63694
+5.1358,+6.97288
+5.1362,+4.97849
+5.1365,+3.38858
+5.1369,+1.85505
+5.1373,+0.478179
+5.1378,-1.07979
+5.1382,-2.32978
+5.1385,-3.29463
+5.1389,-3.7607
+5.1393,-4.01176
+5.1398,-4.18083
+5.1402,-4.03115
+5.1406,-3.65436
+5.141,-3.28775
+5.1414,-2.63821
+5.1418,-1.3953
+5.1422,+0.161256
+5.1425,+1.28299
+5.1429,+2.58021
+5.1433,+3.79723
+5.1438,+5.08215
+5.1442,+6.21738
+5.1445,+7.28546
+5.1449,+8.31286
+5.1453,+9.06514
+5.1458,+9.68526
+5.1462,+10.6639
+5.1465,+11.5101
+5.1469,+12.6534
+5.1473,+13.6425
+5.1478,+14.5355
+5.1482,+15.6639
+5.1485,+16.4597
+5.1489,+17.4992
+5.1493,+18.4704
+5.1498,+19.5373
+5.1502,+19.917
+5.1505,+20.7545
+5.1509,+20.9317
+5.1524,+21.1599
+5.1527,+21.4317
+5.1529,+21.5365
+5.1531,+21.8058
+5.1534,+21.6865
+5.1538,+21.0672
+5.1542,+21.0008
+5.1545,+20.5908
+5.1549,+20.0086
+5.1553,+19.3851
+5.1558,+18.6772
+5.1563,+17.6892
+5.1566,+16.5098
+5.1569,+15.0595
+5.1573,+13.9034
+5.1578,+13.2568
+5.1582,+11.2512
+5.1585,+9.41614
+5.1589,+8.0688
+5.1593,+6.87723
+5.1598,+5.01586
+5.1602,+3.28181
+5.1605,+1.96077
+5.1609,+0.98107
+5.1613,-0.118656
+5.1618,-1.03889
+5.1622,-0.843713
+5.1625,-0.246162
+5.1629,-0.460747
+5.1633,-0.490375
+5.1638,+0.312684
+5.1642,+1.83168
+5.1645,+2.77321
+5.1649,+3.72235
+5.1653,+4.76398
+5.1658,+5.83403
+5.1662,+6.58433
+5.1665,+7.16608
+5.1669,+8.27662
+5.1673,+9.83655
+5.1678,+10.8138
+5.1682,+11.6559
+5.1686,+12.2924
+5.1689,+12.8902
+5.1693,+13.4309
+5.1698,+14.5148
+5.1702,+15.3909
+5.1706,+16.2175
+5.1709,+16.6773
+5.1713,+16.5261
+5.1718,+16.75
+5.1722,+16.4302
+5.1728,+16.4856
+5.173,+16.5659
+5.1734,+16.524
+5.1738,+15.8076
+5.1742,+15.0605
+5.1745,+13.9577
+5.1749,+13.1291
+5.1753,+12.0674
+5.1758,+10.62
+5.1762,+9.60244
+5.1765,+8.40087
+5.1769,+7.75103
+5.1773,+6.69452
+5.1778,+6.21284
+5.1782,+5.27387
+5.1786,+5.22993
+5.1789,+4.6629
+5.1793,+4.91577
+5.1798,+5.21043
+5.1802,+5.13651
+5.1805,+5.57709
+5.1809,+5.40059
+5.1813,+5.9164
+5.1818,+5.96809
+5.1822,+6.64553
+5.1825,+6.70426
+5.1829,+7.42205
+5.1833,+7.4902
+5.1838,+8.23025
+5.1842,+8.83738
+5.1845,+9.32744
+5.1849,+9.73035
+5.1853,+9.91775
+5.1858,+10.0729
+5.1862,+10.7633
+5.1865,+10.8972
+5.1869,+10.7249
+5.1873,+10.6128
+5.1878,+10.8724
+5.1882,+10.642
+5.1885,+10.2695
+5.1889,+10.6237
+5.1894,+11.0712
+5.1898,+11.1945
+5.1902,+10.3701
+5.1905,+9.96347
+5.1909,+9.96437
+5.1913,+10.3088
+5.1918,+10.6764
+5.1922,+11.1268
+5.1926,+11.9419
+5.193,+11.9737
+5.1933,+11.9474
+5.1938,+11.5957
+5.1942,+12.3167
+5.1945,+13.3698
+5.1949,+14.1076
+5.1953,+14.1773
+5.1958,+14.377
+5.1962,+14.5922
+5.1965,+14.5019
+5.1969,+14.4992
+5.1973,+14.4136
+5.1978,+15.0414
+5.1982,+14.9337
+5.1985,+14.5999
+5.1988,+14.3529
+5.1991,+14.3275
+5.1994,+14.198
+5.1998,+13.8066
+5.2002,+13.635
+5.2006,+13.3401
+5.2009,+13.3343
+5.2013,+13.1935
+5.2018,+12.9791
+5.2022,+12.9526
+5.2025,+12.8371
+5.2029,+12.757
+5.2033,+12.8722
+5.2038,+13.1928
+5.2042,+13.4261
+5.2046,+13.8888
+5.2049,+14.1756
+5.2053,+14.6466
+5.2058,+15.126
+5.2062,+15.5574
+5.2065,+15.4659
+5.2069,+16.1226
+5.2073,+16.6701
+5.2078,+17.2631
+5.2082,+17.6714
+5.2086,+17.9047
+5.2089,+18.2951
+5.2093,+18.3784
+5.2098,+18.6407
+5.2102,+18.6154
+5.2106,+19.1235
+5.2109,+18.8127
+5.2113,+18.4005
+5.2118,+17.6461
+5.2122,+16.423
+5.2125,+15.7739
+5.2129,+14.8062
+5.2133,+13.2165
+5.2138,+11.982
+5.2142,+10.5856
+5.2146,+9.06721
+5.2149,+8.01424
+5.2153,+6.90087
+5.2158,+6.1444
+5.2162,+5.53411
+5.2166,+4.27469
+5.2169,+3.76916
+5.2173,+4.16186
+5.2178,+4.18582
+5.2182,+4.55512
+5.2185,+4.52683
+5.2189,+4.59615
+5.2193,+5.13565
+5.2198,+5.53874
+5.2202,+6.44226
+5.2206,+7.5658
+5.2209,+8.26409
+5.2213,+8.7019
+5.2218,+9.18399
+5.2222,+9.66917
+5.2226,+10.6295
+5.2229,+11.1471
+5.2234,+11.226
+5.2238,+11.4241
+5.2249,+11.6808
+5.2252,+11.7561
+5.2254,+11.5674
+5.2258,+11.7602
+5.2263,+11.777
+5.2266,+11.8294
+5.2269,+12.0343
+5.2273,+11.9886
+5.2278,+12.1812
+5.2282,+12.3705
+5.2285,+12.3874
+5.2289,+12.7156
+5.2293,+12.8633
+5.2298,+12.7826
+5.2302,+12.9319
+5.2305,+12.839
+5.2309,+12.915
+5.2313,+12.4519
+5.2317,+12.3208
+5.2322,+12.2611
+5.2325,+12.1881
+5.2329,+11.3911
+5.2333,+10.5717
+5.2338,+9.90669
+5.2342,+9.4377
+5.2345,+9.13906
+5.2349,+8.04275
+5.2353,+7.53069
+5.2358,+7.08209
+5.2362,+5.99547
+5.2365,+4.99999
+5.2369,+4.389
+5.2373,+4.21901
+5.2378,+3.62336
+5.2382,+2.87041
+5.2385,+2.61234
+5.2389,+2.41989
+5.2393,+2.32228
+5.2398,+2.39253
+5.2402,+2.45051
+5.2406,+2.9951
+5.2409,+3.80472
+5.2413,+4.43139
+5.2418,+4.77936
+5.2422,+4.82113
+5.2426,+5.07273
+5.2429,+5.8796
+5.2433,+6.10327
+5.2438,+5.69272
+5.2442,+6.38626
+5.2446,+6.46159
+5.2449,+6.42677
+5.2453,+6.34367
+5.2458,+6.68513
+5.2462,+6.91911
+5.2465,+6.77088
+5.2472,+6.23622
+5.2474,+6.3376
+5.2478,+6.22574
+5.2482,+5.71516
+5.2485,+5.20128
+5.2489,+4.79928
+5.2493,+4.30945
+5.2498,+3.98941
+5.2502,+3.65435
+5.2505,+3.25083
+5.2509,+2.7118
+5.2513,+2.61367
+5.2518,+2.74984
+5.2522,+2.73977
+5.2526,+2.73056
+5.2529,+2.92361
+5.2533,+3.17814
+5.2538,+3.41961
+5.2542,+3.94513
+5.2545,+4.26492
+5.2549,+4.65672
+5.2553,+4.97716
+5.2558,+5.44591
+5.2562,+5.65498
+5.2566,+6.21718
+5.2569,+6.36231
+5.2573,+6.80501
+5.2578,+7.25166
+5.2582,+7.59657
+5.2585,+7.36862
+5.2589,+8.2378
+5.2593,+8.02146
+5.2598,+7.51657
+5.2602,+7.85401
+5.2605,+8.15488
+5.2609,+7.94236
+5.2613,+7.54843
+5.2618,+7.62255
+5.2622,+7.53682
+5.2626,+7.64648
+5.2629,+7.62381
+5.2633,+8.17828
+5.2638,+8.77972
+5.2642,+8.07827
+5.2645,+7.33286
+5.2649,+7.01125
+5.2653,+6.67959
+5.2658,+6.41499
+5.2662,+6.3625
+5.2665,+6.25922
+5.2669,+6.07796
+5.2673,+5.48625
+5.2678,+4.92449
+5.2682,+5.15084
+5.2686,+5.15006
+5.2689,+5.53457
+5.2693,+5.68268
+5.2698,+5.49158
+5.2702,+5.73698
+5.2705,+5.96223
+5.2709,+5.65717
+5.2713,+5.98862
+5.2718,+6.68226
+5.2722,+6.76014
+5.2726,+6.99788
+5.2729,+7.7316
+5.2733,+8.63106
+5.2738,+8.7441
+5.2742,+8.98876
+5.2745,+9.26925
+5.2749,+10.0777
+5.2753,+10.7462
+5.2758,+10.42
+5.2762,+11.2693
+5.2766,+12.0271
+5.2769,+12.0336
+5.2773,+12.2373
+5.2778,+13.045
+5.2782,+13.0553
+5.2785,+13.4888
+5.2789,+13.4328
+5.2793,+13.3012
+5.2798,+13.7467
+5.2802,+12.8985
+5.2805,+12.59
+5.2809,+12.2818
+5.2814,+11.7172
+5.2818,+11.1969
+5.2822,+10.7761
+5.2826,+10.1793
+5.2829,+9.70246
+5.2833,+9.29645
+5.2838,+8.7722
+5.2842,+9.05136
+5.2846,+8.5955
+5.2849,+8.14289
+5.2853,+7.92125
+5.2858,+7.44871
+5.2862,+7.08615
+5.2865,+7.13532
+5.2869,+6.89263
+5.2873,+6.70606
+5.2878,+6.01706
+5.2882,+5.7628
+5.2885,+5.78434
+5.2889,+5.93385
+5.2893,+5.94642
+5.2898,+5.32017
+5.2902,+5.13264
+5.2905,+4.76016
+5.2909,+4.0122
+5.2913,+3.33836
+5.2918,+3.26702
+5.2922,+3.0275
+5.2925,+2.26228
+5.2929,+1.79599
+5.2933,+1.04701
+5.2938,+1.53006
+5.2942,+0.964118
+5.2946,+0.211264
+5.2949,+0.114321
+5.2953,-0.168748
+5.2958,-0.20021
+5.2962,-0.685589
+5.2966,-0.538618
+5.2969,-0.687552
+5.2973,-0.481366
+5.2978,-0.255275
+5.2982,+0.149868
+5.2986,+0.845549
+5.2989,+2.11056
+5.2993,+3.57066
+5.2998,+4.8249
+5.3002,+5.53526
+5.3006,+6.83357
+5.3009,+8.00512
+5.3013,+9.24334
+5.3018,+10.0791
+5.3022,+11.3887
+5.3025,+12.7066
+5.3029,+13.2538
+5.3033,+13.9036
+5.3038,+14.4308
+5.3042,+15.67
+5.3046,+16.1723
+5.3049,+16.6444
+5.3053,+17.0236
+5.3058,+17.2146
+5.3062,+17.5187
+5.3065,+17.5989
+5.3069,+18.071
+5.3073,+18.3243
+5.3078,+17.8722
+5.3082,+18.1485
+5.3086,+18.3459
+5.3089,+18.72
+5.3093,+18.9568
+5.3098,+19.2751
+5.3102,+19.517
+5.3106,+19.0051
+5.3109,+18.8623
+5.3113,+18.6957
+5.3118,+18.7201
+5.3122,+18.2642
+5.3126,+18.0091
+5.3129,+17.3172
+5.3133,+16.8593
+5.3138,+16.383
+5.3142,+15.8505
+5.3146,+16.1085
+5.3149,+15.0938
+5.3153,+14.6892
+5.3158,+14.7833
+5.3162,+14.4898
+5.3166,+13.7909
+5.3169,+13.5653
+5.3173,+13.2058
+5.3178,+12.9256
+5.3182,+12.5492
+5.3186,+12.1626
+5.3189,+12.2184
+5.3193,+11.7266
+5.3198,+11.436
+5.3202,+11.0637
+5.3206,+10.9891
+5.3209,+10.7825
+5.3213,+10.6038
+5.3218,+10.4393
+5.3222,+10.1551
+5.3226,+9.96319
+5.3229,+9.91643
+5.3233,+9.79844
+5.3238,+9.49499
+5.3242,+9.39435
+5.3246,+9.11339
+5.325,+8.51288
+5.3254,+7.99571
+5.3258,+7.467
+5.3262,+7.35621
+5.3273,+6.82616
+5.3275,+6.57031
+5.3277,+6.13303
+5.3282,+5.91815
+5.3286,+4.99426
+5.3289,+4.79366
+5.3293,+4.89779
+5.3297,+4.99064
+5.3302,+4.98329
+5.3306,+4.68687
+5.3309,+4.82304
+5.3313,+4.64046
+5.3317,+4.82695
+5.3322,+5.00002
+5.3326,+5.60265
+5.3329,+5.67105
+5.3333,+5.74562
+5.3337,+5.73794
+5.3342,+5.94243
+5.3346,+6.24213
+5.3349,+6.01645
+5.3353,+6.40048
+5.3357,+6.63583
+5.3364,+6.77208
+5.3367,+7.05366
+5.3369,+7.3764
+5.3374,+7.78061
+5.3378,+7.57983
+5.3382,+7.75601
+5.3387,+8.12043
+5.339,+8.19028
+5.3393,+7.78744
+5.3398,+8
+5.3402,+7.64514
+5.3406,+7.15241
+5.3409,+6.83959
+5.3413,+6.77004
+5.3417,+7.34951
+5.3422,+6.76975
+5.3426,+6.51913
+5.3429,+7.13804
+5.3433,+7.03646
+5.3437,+6.70835
+5.3442,+6.69947
+5.3446,+6.78506
+5.3449,+6.53179
+5.3468,+6.49075
+5.347,+6.08772
+5.3473,+6.29127
+5.3477,+5.83376
+5.3482,+5.12917
+5.3486,+5.81476
+5.3489,+5.4509
+5.3493,+5.48173
+5.3498,+5.48517
+5.3502,+6.15261
+5.3506,+6.20174
+5.3509,+6.75411
+5.3513,+7.37995
+5.3517,+7.43282
+5.3522,+8.23692
+5.3526,+7.6676
+5.3529,+8.27768
+5.3533,+8.89594
+5.3535,+9.47356
+5.3538,+9.59579
+5.3542,+9.82996
+5.3546,+9.8273
+5.3549,+9.71711
+5.3554,+10.2307
+5.3558,+10.1555
+5.3562,+10.87
+5.3566,+10.7849
+5.3569,+10.778
+5.3573,+10.825
+5.3578,+10.7657
+5.3582,+10.6935
+5.3586,+10.6787
+5.3589,+10.7858
+5.3593,+10.8287
+5.3597,+10.7552
+5.3602,+10.5689
+5.3606,+10.9203
+5.3609,+10.861
+5.3613,+10.7766
+5.3617,+10.7214
+5.3622,+10.6462
+5.3626,+10.7651
+5.3629,+10.6712
+5.3633,+10.5362
+5.3637,+10.6343
+5.3642,+10.8028
+5.3646,+10.3817
+5.3649,+9.88912
+5.3653,+9.63346
+5.3658,+9.22341
+5.3662,+8.80297
+5.3666,+8.21694
+5.3669,+7.59264
+5.3673,+7.17071
+5.3677,+6.50674
+5.3682,+5.74902
+5.3686,+5.2623
+5.3689,+5.14623
+5.3693,+4.81954
+5.3697,+4.59766
+5.3702,+4.36163
+5.3706,+4.11163
+5.3709,+3.95685
+5.3713,+3.84764
+5.3717,+3.30255
+5.3722,+3.27866
+5.3726,+2.79058
+5.3729,+2.24834
+5.3733,+1.68577
+5.3737,+1.06068
+5.3742,+0.535346
+5.3746,+0.00283617
+5.3749,-0.463831
+5.3754,-0.918315
+5.3758,-0.91124
+5.3762,-1.37489
+5.3766,-1.47302
+5.3769,-1.58576
+5.3773,-1.13238
+5.3777,-1.07469
+5.3782,-0.946673
+5.3786,-0.377334
+5.3789,-0.135334
+5.3793,+0.417358
+5.3797,+0.591921
+5.3802,+0.631921
+5.3806,+0.882646
+5.3809,+1.08132
+5.3813,+0.856811
+5.3817,+0.987215
+5.3822,+1.60447
+5.3826,+1.27757
+5.3829,+1.76109
+5.3833,+1.45812
+5.3837,+2.21864
+5.3842,+3.00331
+5.3846,+3.32007
+5.3849,+3.57155
+5.3853,+4.41285
+5.3858,+5.43043
+5.3862,+5.67481
+5.3866,+6.84269
+5.3869,+7.51389
+5.3873,+7.98452
+5.3877,+8.76024
+5.3882,+9.28239
+5.3886,+10.3762
+5.3889,+11.5261
+5.3893,+12.0218
+5.3897,+12.0051
+5.3902,+12.7192
+5.3906,+13.0149
+5.3909,+12.8252
+5.3913,+13.9273
+5.3917,+13.9018
+5.3922,+14.0417
+5.3926,+14.0792
+5.3929,+12.8437
+5.3933,+12.5211
+5.3938,+12.4647
+5.3942,+11.3379
+5.3946,+10.4803
+5.3949,+10.0184
+5.3953,+8.84855
+5.3957,+7.79923
+5.3962,+6.76256
+5.3966,+5.22799
+5.3969,+4.38436
+5.3973,+3.0768
+5.3977,+1.99636
+5.3982,+1.30974
+5.3986,+0.20222
+5.3989,-0.2028
+5.3993,-0.766827
+5.3997,-1.43258
+5.4002,-2.2081
+5.4006,-2.18129
+5.4009,-2.34797
+5.4013,-2.49876
+5.4017,-2.47627
+5.4022,-2.53518
+5.4026,-2.04634
+5.4029,-2.32183
+5.4033,-2.76206
+5.4037,-3.11755
+5.4042,-2.89163
+5.4046,-2.87755
+5.4049,-3.19562
+5.4053,-2.96644
+5.4058,-3.02622
+5.4062,-2.80748
+5.4066,-3.38805
+5.4069,-3.21541
+5.4073,-3.27965
+5.4077,-2.60853
+5.4082,-2.27274
+5.4086,-2.54854
+5.4089,-2.11067
+5.4093,-2.22787
+5.4097,-2.22031
+5.4102,-1.75161
+5.4106,-0.771697
+5.4109,-0.886659
+5.4113,+0.230647
+5.4117,+0.641285
+5.4122,+0.719913
+5.4126,+1.53598
+5.4129,+2.38236
+5.4133,+2.87738
+5.4137,+3.83322
+5.4142,+4.30932
+5.4146,+4.75667
+5.4149,+5.15037
+5.4153,+5.3719
+5.4157,+5.91476
+5.4162,+6.53995
+5.4166,+6.93155
+5.4169,+7.2295
+5.4173,+7.93911
+5.4177,+8.06414
+5.4182,+8.24494
+5.4186,+8.08883
+5.4189,+8.42066
+5.4193,+8.19433
+5.4197,+7.82185
+5.4202,+7.56761
+5.4206,+7.04046
+5.4209,+6.58922
+5.4213,+6.04437
+5.4217,+5.51765
+5.4222,+4.43617
+5.4226,+4.18659
+5.4229,+3.50576
+5.4233,+2.80965
+5.4237,+1.94927
+5.4242,+1.28353
+5.4246,+0.672132
+5.4249,+0.350196
+5.4253,+0.0918471
+5.4257,-0.54241
+5.4263,-0.337969
+5.4266,-1.07043
+5.4269,-1.11594
+5.4273,-1.15588
+5.4277,-1.11153
+5.4282,-1.15248
+5.4286,-1.24054
+5.4289,-1.74285
+5.4297,-2.16667
+5.4299,-2.2043
+5.4302,-2.68269
+5.4306,-2.46226
+5.4309,-2.3742
+5.4313,-2.71974
+5.4317,-2.9996
+5.4322,-3.43662
+5.4326,-3.7305
+5.4329,-3.86162
+5.4333,-4.02227
+5.4337,-4.20273
+5.4342,-4.28256
+5.4346,-4.61656
+5.4349,-4.44832
+5.4353,-3.76071
+5.4357,-3.53292
+5.4362,-2.53718
+5.4366,-1.54277
+5.4369,-1.08107
+5.4373,-0.58643
+5.4377,-0.00444984
+5.4382,+0.522493
+5.4386,+1.1258
+5.4389,+1.2116
+5.4393,+2.03153
+5.4397,+2.71385
+5.4402,+3.27291
+5.4406,+3.97486
+5.4409,+5.03722
+5.4413,+6.21835
+5.4417,+7.37351
+5.4422,+8.56631
+5.4426,+9.63853
+5.4429,+10.5021
+5.4433,+10.6662
+5.4437,+11.327
+5.4442,+11.5977
+5.4446,+11.7278
+5.4449,+11.6195
+5.4453,+11.2084
+5.4457,+11.0227
+5.4462,+10.1169
+5.4466,+9.32741
+5.4469,+8.70374
+5.4473,+8.55419
+5.4477,+8.4732
+5.4482,+7.62763
+5.4486,+6.9546
+5.4489,+7.01305
+5.4493,+7.14534
+5.4497,+7.09471
+5.4502,+7.78778
+5.4506,+7.80521
+5.4509,+8.24948
+5.4513,+8.20693
+5.4517,+7.27684
+5.4522,+7.65048
+5.4526,+7.74749
+5.4529,+6.85835
+5.4534,+6.68036
+5.4538,+6.32752
+5.4542,+5.36658
+5.4546,+5.37471
+5.4549,+4.81863
+5.4553,+4.28507
+5.4557,+4.17332
+5.4562,+3.31875
+5.4566,+2.68203
+5.4569,+2.98322
+5.4573,+2.25996
+5.4577,+1.61837
+5.4582,+1.90299
+5.4586,+1.39284
+5.4589,+1.01014
+5.4593,+1.20077
+5.4597,+1.3145
+5.4602,+1.59792
+5.4606,+1.79574
+5.4609,+2.04273
+5.4613,+2.2465
+5.4617,+3.06654
+5.4622,+3.05243
+5.4626,+3.78502
+5.4629,+4.40549
+5.4633,+4.66156
+5.4637,+5.28233
+5.4642,+5.16757
+5.4646,+5.86247
+5.4649,+5.75026
+5.4653,+6.1099
+5.4657,+5.70562
+5.4662,+5.91927
+5.4666,+5.86213
+5.4669,+5.69739
+5.4673,+5.30223
+5.4677,+5.05681
+5.4682,+5.34118
+5.4686,+4.70215
+5.4689,+4.24808
+5.4693,+3.76226
+5.4697,+3.61481
+5.4702,+3.16865
+5.4706,+2.57468
+5.4709,+2.28139
+5.4713,+1.89861
+5.4717,+1.42713
+5.4722,+1.14616
+5.4726,+1.19314
+5.4729,+1.31819
+5.4733,+1.28931
+5.4737,+1.0601
+5.4742,+1.08707
+5.4746,+1.04928
+5.4749,+1.03925
+5.4753,+1.09903
+5.4757,+1.26476
+5.4762,+1.37069
+5.4766,+0.863694
+5.4769,+0.44153
+5.4774,+0.31597
+5.4777,+0.214887
+5.4782,-0.0718729
+5.4786,-0.163013
+5.4789,-0.543972
+5.4793,-0.602481
+5.4797,-0.384241
+5.4802,-0.53253
+5.4806,-0.286948
+5.4809,-0.071666
+5.4813,-0.0118081
+5.4817,+0.106392
+5.4822,+0.175785
+5.4826,+0.223645
+5.4829,+0.472509
+5.4833,+0.524353
+5.4837,+0.232228
+5.4842,+0.289385
+5.4846,+0.31272
+5.4849,+0.32991
+5.4853,+0.567095
+5.4857,+0.757768
+5.4862,+0.933768
+5.4866,+1.19194
+5.4869,+1.52655
+5.4873,+1.74367
+5.4877,+2.20084
+5.4882,+2.63715
+5.4886,+3.12982
+5.4889,+4.1243
+5.4893,+4.49918
+5.4897,+4.81609
+5.4902,+5.25194
+5.4906,+5.91255
+5.4909,+6.50669
+5.4913,+6.94078
+5.4917,+7.23351
+5.4922,+7.4575
+5.4926,+7.63645
+5.4929,+7.13941
+5.4933,+7.01159
+5.4937,+6.77803
+5.4942,+6.53385
+5.4946,+5.7647
+5.4949,+4.97471
+5.4953,+4.25069
+5.4957,+3.50474
+5.4961,+2.61493
+5.4963,+1.56879
+5.4966,+0.521521
+5.4969,-0.384953
+5.4973,-1.22435
+5.4977,-2.06977
+5.4982,-2.9061
+5.4986,-3.83447
+5.4989,-4.7203
+5.4993,-5.52989
+5.4997,-6.22335
+5.5002,-6.79776
+5.5006,-7.50076
+5.5009,-8.26406
+5.5013,-8.65949
+5.5017,-8.99337
+5.5022,-9.40524
+5.5026,-9.82754
+5.5029,-10.2046
+5.5033,-10.2939
+5.5037,-10.6505
+5.5042,-10.424
+5.5046,-10.2828
+5.5049,-10.1738
+5.5053,-10.1817
+5.5057,-10.1285
+5.5062,-9.94246
+5.5066,-9.31299
+5.5069,-8.63725
+5.5074,-8.26306
+5.5077,-7.38733
+5.5082,-7.01038
+5.5086,-6.07012
+5.5089,-4.95024
+5.5093,-4.00501
+5.5097,-2.93232
+5.5102,-1.90145
+5.5106,-0.980075
+5.5109,-0.152737
+5.5113,+0.927163
+5.5117,+1.72315
+5.5122,+2.55677
+5.5126,+3.32397
+5.5129,+3.91075
+5.5133,+4.63187
+5.5137,+5.02778
+5.5142,+5.57874
+5.5146,+5.95118
+5.5149,+6.29357
+5.5153,+6.37085
+5.5157,+7.12892
+5.5162,+7.14966
+5.5166,+7.82851
+5.5169,+8.33058
+5.5173,+8.55611
+5.5177,+9.06334
+5.5182,+9.2541
+5.5186,+9.25473
+5.5189,+9.40578
+5.5193,+9.18735
+5.5197,+8.34588
+5.5202,+7.84804
+5.5206,+6.87455
+5.5209,+5.87049
+5.5213,+4.7235
+5.5217,+3.38235
+5.5222,+2.27389
+5.5226,+1.19128
+5.5229,-0.0152284
+5.5233,-1.163
+5.5237,-2.53327
+5.5242,-3.23066
+5.5246,-4.11383
+5.5249,-5.02909
+5.5253,-5.63719
+5.5257,-6.22537
+5.5262,-6.99992
+5.5266,-7.69209
+5.527,-8.20523
+5.5273,-8.39804
+5.5277,-8.09528
+5.5282,-8.48718
+5.5286,-8.87993
+5.5289,-9.08666
+5.5293,-9.05809
+5.5297,-8.79658
+5.5302,-8.27396
+5.5306,-7.637
+5.5309,-7.14464
+5.5321,-6.59576
+5.5324,-6.09041
+5.5326,-4.87729
+5.5329,-3.79207
+5.5333,-2.49825
+5.5337,-1.20019
+5.5342,-0.156003
+5.5346,+0.978047
+5.5349,+1.88502
+5.5353,+3.18426
+5.5357,+4.18627
+5.5362,+5.3402
+5.5366,+6.08326
+5.5369,+6.96937
+5.5373,+7.72082
+5.5378,+8.33572
+5.5382,+9.00257
+5.5386,+9.73117
+5.5389,+10.4967
+5.5393,+11.0351
+5.5397,+11.9188
+5.5402,+12.4171
+5.5406,+12.8796
+5.5409,+13.2717
+5.5413,+13.8411
+5.5417,+14.9728
+5.5422,+15.9471
+5.5426,+16.7615
+5.5429,+17.523
+5.5433,+18.1648
+5.5437,+18.4792
+5.5442,+18.7416
+5.5446,+19.0497
+5.5449,+19.188
+5.5453,+18.7167
+5.5457,+17.3032
+5.5462,+15.9283
+5.5466,+14.3512
+5.5469,+12.8218
+5.5473,+11.1104
+5.5477,+9.23902
+5.5482,+7.56909
+5.5486,+5.67152
+5.5489,+3.89402
+5.5493,+2.37943
+5.5497,+1.01206
+5.5503,-0.50605
+5.5506,-1.8859
+5.5509,-3.13597
+5.5513,-4.60337
+5.5518,-5.5654
+5.5522,-6.40841
+5.5526,-7.21767
+5.5529,-7.84158
+5.5533,-8.17543
+5.5537,-8.76111
+5.5542,-9.12606
+5.5546,-9.35673
+5.5549,-9.55546
+5.5553,-9.27638
+5.5557,-8.99854
+5.5562,-8.93166
+5.5566,-8.34522
+5.5569,-8.02079
+5.5573,-7.63908
+5.5577,-6.7883
+5.5582,-5.79289
+5.5586,-4.97351
+5.5589,-3.83194
+5.5593,-2.78559
+5.5597,-1.86408
+5.5602,-0.678552
+5.5606,+0.385967
+5.5609,+1.66092
+5.5613,+2.69783
+5.5617,+3.84367
+5.5622,+4.74623
+5.5626,+6.31047
+5.5629,+7.15542
+5.5633,+8.44601
+5.5637,+9.31064
+5.5642,+10.0609
+5.5646,+11.2787
+5.5649,+11.7311
+5.5653,+12.8983
+5.5657,+13.882
+5.5662,+14.8907
+5.5666,+15.19
+5.5669,+15.7727
+5.5673,+16.0545
+5.5677,+16.5526
+5.5682,+16.7848
+5.5686,+16.413
+5.5689,+16.5182
+5.5693,+15.6143
+5.5697,+14.8482
+5.5702,+13.7997
+5.5706,+12.722
+5.5709,+11.5383
+5.5713,+10.2599
+5.5717,+9.01135
+5.5722,+7.61379
+5.5726,+5.82754
+5.5729,+4.28005
+5.5733,+2.78815
+5.5737,+1.12504
+5.5742,-0.231597
+5.5746,-1.62729
+5.5749,-3.09416
+5.5753,-4.65139
+5.5757,-6.23016
+5.5762,-7.69519
+5.5766,-8.65882
+5.5769,-9.82182
+5.5773,-10.8121
+5.5777,-11.655
+5.5782,-12.086
+5.5786,-12.4797
+5.5789,-12.6272
+5.5793,-12.597
+5.5797,-12.4226
+5.5802,-11.9693
+5.5806,-11.5871
+5.5809,-10.8253
+5.5813,-9.93674
+5.5817,-8.92543
+5.5821,-8.21421
+5.5826,-7.29463
+5.5829,-6.11127
+5.5833,-5.02811
+5.5837,-3.90808
+5.5841,-2.60449
+5.5846,-1.32025
+5.5849,-0.334241
+5.5853,+0.815715
+5.5857,+1.76784
+5.5862,+2.68853
+5.5866,+3.9669
+5.5869,+4.86599
+5.5873,+5.75314
+5.5877,+6.89322
+5.5882,+7.48175
+5.5886,+8.16712
+5.5889,+8.87279
+5.5893,+9.3645
+5.5897,+9.80291
+5.5902,+9.97868
+5.5906,+9.98226
+5.5909,+9.94481
+5.5913,+10.6062
+5.5917,+10.6857
+5.5921,+11.0033
+5.5926,+11.0835
+5.5929,+10.4302
+5.5933,+10.1365
+5.5937,+9.76574
+5.5942,+8.94679
+5.5946,+8.29705
+5.5949,+7.43215
+5.5953,+5.49656
+5.5957,+3.84256
+5.5962,+2.1476
+5.5966,+0.477988
+5.5969,-0.834616
+5.5973,-2.51435
+5.5977,-4.3279
+5.5981,-5.45249
+5.5987,-7.07626
+5.599,-8.39966
+5.5993,-9.62564
+5.5997,-10.9639
+5.6002,-12.2747
+5.6006,-13.3701
+5.6009,-14.2754
+5.6013,-15.0026
+5.6017,-15.4242
+5.6021,-16.1582
+5.6026,-16.5791
+5.6029,-16.9396
+5.6033,-16.942
+5.6037,-16.8289
+5.6041,-16.585
+5.6046,-16.2442
+5.6049,-15.8878
+5.6053,-15.3879
+5.6057,-14.9952
+5.6061,-14.2837
+5.6066,-13.4384
+5.6069,-12.6332
+5.6073,-11.6799
+5.6077,-10.7108
+5.6081,-9.64993
+5.6086,-8.70435
+5.6089,-7.43017
+5.6093,-6.39994
+5.6097,-4.97936
+5.6102,-3.62436
+5.6106,-2.38915
+5.6109,-1.14595
+5.6113,-0.0918715
+5.6117,+0.993302
+5.6121,+2.03875
+5.6126,+2.97581
+5.6129,+3.82337
+5.6133,+4.72378
+5.6137,+5.40925
+5.6141,+6.25998
+5.6146,+6.56597
+5.6149,+6.98476
+5.6153,+7.91697
+5.6157,+8.02227
+5.6161,+8.52923
+5.6166,+8.59342
+5.6169,+8.97673
+5.6173,+8.83224
+5.6177,+8.82871
+5.6181,+8.66229
+5.6186,+8.15977
+5.6189,+8.06756
+5.6193,+7.39199
+5.6197,+6.80121
+5.6202,+6.13861
+5.6206,+5.40738
+5.6209,+4.59834
+5.6213,+4.18963
+5.6217,+3.38708
+5.6221,+2.64413
+5.6226,+2.4343
+5.6229,+1.59638
+5.6233,+0.189759
+5.6237,-0.00659355
+5.6241,-0.71318
+5.6246,-0.818411
+5.6249,-1.66351
+5.6253,-2.23144
+5.6257,-2.68343
+5.6261,-3.15333
+5.6266,-3.57981
+5.6269,-3.57152
+5.6273,-3.04475
+5.6277,-3.06669
+5.6281,-3.37151
+5.6286,-3.74905
+5.6289,-3.70323
+5.6296,-3.26668
+5.6299,-2.63529
+5.6302,-2.58999
+5.6306,-1.85601
+5.6309,-1.70854
+5.6313,-1.41231
+5.6317,-1.23772
+5.6321,+0.146249
+5.6326,+1.61089
+5.6329,+2.92359
+5.6333,+3.20976
+5.6345,+3.36512
+5.6348,+4.212
+5.635,+4.47325
+5.6353,+5.04696
+5.6359,+5.62165
+5.6361,+6.11526
+5.6366,+5.80437
+5.6369,+5.88888
+5.6373,+5.71966
+5.6377,+6.62018
+5.6381,+6.87187
+5.6386,+7.13892
+5.6389,+7.12128
+5.6393,+7.23686
+5.6397,+7.48411
+5.6402,+8.03166
+5.6406,+8.34002
+5.6409,+7.48639
+5.6413,+7.04971
+5.6417,+6.34576
+5.6421,+5.71687
+5.6426,+4.67162
+5.6429,+4.51075
+5.6433,+3.51328
+5.6437,+2.1913
+5.6441,+0.626206
+5.6446,-0.378107
+5.6449,-0.726366
+5.6453,-1.34795
+5.6457,-2.83586
+5.646,-3.79092
+5.6463,-4.47898
+5.6466,-5.50202
+5.6469,-6.25255
+5.6473,-6.97923
+5.6477,-7.56057
+5.6481,-8.52412
+5.6486,-9.1453
+5.6489,-9.89986
+5.6493,-9.8297
+5.6498,-9.59067
+5.6502,-9.63069
+5.6506,-9.71661
+5.6509,-9.5763
+5.6513,-9.03624
+5.6517,-9.04729
+5.6521,-8.52167
+5.6526,-8.60168
+5.6529,-8.23579
+5.6533,-7.61652
+5.6537,-7.20363
+5.6541,-6.29101
+5.6546,-5.65019
+5.6549,-4.60701
+5.6553,-4.34493
+5.6557,-3.59898
+5.6561,-3.13365
+5.6566,-2.44697
+5.6571,-1.62351
+5.6574,-0.899228
+5.6578,-0.471443
+5.6583,+0.199186
+5.6587,+0.604906
+5.659,+0.784414
+5.6593,+1.47396
+5.6597,+2.25095
+5.6602,+2.9032
+5.6606,+3.67392
+5.6609,+4.13563
+5.6613,+4.26404
+5.6617,+4.77026
+5.6621,+4.74927
+5.6626,+5.09206
+5.6629,+5.31407
+5.6633,+5.68984
+5.6637,+6.04043
+5.6641,+5.94516
+5.6646,+5.76991
+5.6649,+5.48032
+5.6653,+5.14411
+5.6657,+4.48648
+5.6661,+3.82314
+5.6666,+3.14413
+5.6669,+2.57105
+5.6673,+1.66802
+5.6677,+0.701289
+5.6681,+0.401804
+5.6686,-0.414683
+5.6689,-1.11514
+5.6693,-1.87672
+5.6696,-2.46976
+5.6698,-2.97684
+5.6702,-3.71356
+5.6706,-4.48827
+5.6709,-5.29052
+5.6713,-5.5223
+5.6717,-6.14941
+5.6721,-6.33248
+5.6726,-6.48733
+5.6729,-6.47294
+5.6733,-6.5302
+5.6737,-6.86895
+5.6741,-6.55746
+5.6746,-6.53943
+5.6749,-6.38238
+5.6753,-6.33891
+5.6757,-6.08241
+5.6761,-5.67228
+5.6766,-5.5332
+5.6769,-5.11935
+5.6773,-4.44675
+5.6777,-3.82595
+5.6781,-3.65432
+5.6786,-2.46904
+5.6789,-1.70062
+5.6793,-1.26758
+5.6798,-0.453393
+5.6802,-0.116152
+5.6806,+1.32945
+5.681,+1.80473
+5.6813,+2.10775
+5.6817,+2.96023
+5.6821,+3.73832
+5.6826,+3.86883
+5.683,+4.63036
+5.6833,+5.21078
+5.6837,+5.4401
+5.6841,+5.84787
+5.6846,+5.60826
+5.6849,+5.70627
+5.6853,+5.84452
+5.6857,+5.75863
+5.6861,+5.6935
+5.6866,+5.6446
+5.6869,+5.37756
+5.6873,+5.17631
+5.6877,+4.80636
+5.6881,+4.63095
+5.6886,+4.24042
+5.689,+3.99029
+5.6893,+3.57439
+5.6897,+3.32953
+5.6901,+2.91499
+5.6906,+2.39614
+5.6909,+1.57694
+5.6913,+0.764074
+5.6917,-0.0357359
+5.6921,-0.5425
+5.6926,-1.47641
+5.6929,-2.52374
+5.6933,-3.3436
+5.6937,-4.54495
+5.6941,-5.42728
+5.6946,-6.07774
+5.6949,-6.83947
+5.6953,-7.11095
+5.6957,-7.97135
+5.6961,-8.70215
+5.6966,-8.92993
+5.6969,-9.23621
+5.6973,-9.17388
+5.6977,-8.87353
+5.6981,-8.73004
+5.6986,-8.58734
+5.699,-7.81403
+5.6993,-8.05558
+5.6997,-7.0785
+5.7001,-6.40488
+5.7006,-5.65196
+5.701,-5.10397
+5.7013,-4.45052
+5.7017,-4.21005
+5.7021,-3.27247
+5.7026,-2.8583
+5.7029,-2.54805
+5.7033,-1.80909
+5.7037,-1.60344
+5.7041,-1.60643
+5.7046,-1.52378
+5.7049,-0.958823
+5.7053,-0.929538
+5.7057,-0.531008
+5.7061,-0.664696
+5.7066,-0.417137
+5.7069,-0.0891895
+5.7073,+0.290196
+5.7077,+0.601355
+5.7081,+1.11321
+5.7086,+1.51078
+5.709,+1.83455
+5.7093,+2.25843
+5.7097,+2.60372
+5.7102,+2.81832
+5.7106,+2.97022
+5.711,+3.22946
+5.7113,+3.40381
+5.7117,+3.47766
+5.7121,+3.32506
+5.7126,+3.28526
+5.713,+3.22121
+5.7133,+2.92069
+5.7137,+2.72665
+5.7141,+2.51041
+5.7146,+2.18648
+5.7149,+1.76103
+5.7153,+1.39048
+5.7157,+1.17284
+5.7161,+0.728918
+5.7166,+0.0805991
+5.7169,-0.247835
+5.7173,-0.702199
+5.7177,-0.957921
+5.7181,-1.40714
+5.7186,-1.138
+5.719,-1.04551
+5.7193,-1.3666
+5.7197,-1.7484
+5.7201,-1.35676
+5.7207,-0.813113
+5.721,-0.497548
+5.7213,-0.435951
+5.7217,-0.102619
+5.7221,+0.441288
+5.7226,+0.518653
+5.7229,+0.737967
+5.7234,+0.771198
+5.7237,+1.4422
+5.7241,+1.72577
+5.7246,+1.34344
+5.7249,+1.52337
+5.7253,+2.09056
+5.7257,+2.20143
+5.7261,+2.30651
+5.7266,+2.29207
+5.7269,+2.24972
+5.7273,+2.97581
+5.7277,+3.06319
+5.7281,+2.56159
+5.7286,+3.1187
+5.729,+3.14705
+5.7293,+3.16617
+5.7297,+2.87783
+5.7301,+3.07869
+5.7306,+2.7488
+5.731,+2.84137
+5.7313,+2.1664
+5.7317,+1.50969
+5.7321,+1.40481
+5.7326,+1.43115
+5.7329,+0.845506
+5.7333,+0.302799
+5.7337,+0.0720926
+5.7341,-0.726516
+5.7346,-0.387111
+5.735,-1.10657
+5.7353,-1.25656
+5.736,-1.31024
+5.7369,-1.08932
+5.7371,-1.8127
+5.7374,-1.94884
+5.7377,-2.01156
+5.7381,-1.89713
+5.7386,-1.73986
+5.7389,-2.04558
+5.7393,-1.98633
+5.7397,-1.53091
+5.7401,-1.45786
+5.7406,-1.31099
+5.7409,-0.976053
+5.7413,-0.567064
+5.7417,-0.237678
+5.7421,+0.0622547
+5.7426,+0.463967
+5.743,+0.861544
+5.7433,+1.357
+5.7437,+1.64705
+5.7441,+2.13307
+5.7446,+2.34298
+5.745,+3.187
+5.7453,+3.48009
+5.7457,+4.3096
+5.7461,+4.45062
+5.7466,+4.31355
+5.7469,+4.27879
+5.7473,+4.46275
+5.7477,+4.45249
+5.7481,+4.42372
+5.7486,+4.45231
+5.749,+4.35833
+5.7493,+4.04219
+5.7497,+3.44687
+5.7501,+3.78709
+5.7506,+3.71119
+5.751,+3.14462
+5.7513,+2.44574
+5.7517,+1.7763
+5.7521,+1.28345
+5.7526,+0.596763
+5.753,-0.747493
+5.7533,-1.44147
+5.7537,-1.86755
+5.7541,-2.72627
+5.7546,-2.98134
+5.755,-3.0487
+5.7553,-3.77767
+5.7557,-4.28419
+5.7561,-4.92552
+5.7566,-5.4313
+5.7569,-5.82127
+5.7573,-5.70013
+5.7577,-6.2208
+5.7581,-6.66577
+5.7586,-7.26365
+5.759,-6.95882
+5.7593,-6.14961
+5.7597,-5.7611
+5.7601,-5.34446
+5.7606,-4.8827
+5.761,-4.16483
+5.7613,-3.91625
+5.7617,-3.28195
+5.7621,-2.44133
+5.7626,-1.61154
+5.763,-1.38098
+5.7633,-0.983199
+5.7637,-0.0705708
+5.7641,+1.37153
+5.7646,+2.61148
+5.765,+3.16722
+5.7653,+4.32789
+5.7657,+5.32987
+5.7661,+5.62275
+5.7666,+6.4733
+5.767,+6.91772
+5.7673,+7.85252
+5.7677,+8.40773
+5.7681,+8.34591
+5.7686,+8.48757
+5.769,+9.18747
+5.7693,+9.40659
+5.7697,+8.90816
+5.7701,+9.21183
+5.7706,+8.61145
+5.771,+8.10749
+5.7713,+7.04668
+5.7717,+5.95955
+5.7721,+4.74259
+5.7726,+3.87385
+5.773,+2.95994
+5.7733,+1.45559
+5.7737,+0.911123
+5.7741,+0.120535
+5.7746,-0.748359
+5.775,-1.47782
+5.7753,-2.34701
+5.7757,-3.05368
+5.7761,-3.52127
+5.7766,-4.5237
+5.777,-5.41339
+5.7773,-5.91001
+5.7777,-6.61388
+5.7781,-7.14936
+5.7786,-7.21003
+5.779,-7.26342
+5.7793,-7.06289
+5.7797,-7.05305
+5.7801,-6.79686
+5.7806,-6.26339
+5.781,-5.88144
+5.7815,-5.40927
+5.7817,-4.8401
+5.7821,-4.50485
+5.7826,-3.7549
+5.783,-3.4311
+5.7833,-3.19544
+5.7837,-2.68026
+5.7841,-2.42847
+5.7846,-2.24441
+5.785,-2.02145
+5.7854,-1.46123
+5.7858,-1.56288
+5.7861,-1.54846
+5.7866,-1.26238
+5.787,-0.988484
+5.7874,-0.836728
+5.7878,-0.682372
+5.7881,+0.0233447
+5.7886,+0.656643
+5.789,+1.23482
+5.7894,+1.492
+5.7897,+1.85178
+5.7901,+2.5398
+5.7906,+2.53616
+5.791,+3.10493
+5.7914,+3.18634
+5.7917,+3.71018
+5.7921,+3.75155
+5.7926,+3.80618
+5.793,+3.23306
+5.7934,+3.31712
+5.7937,+3.74724
+5.7941,+3.9757
+5.7946,+3.67733
+5.795,+3.75279
+5.7954,+3.8565
+5.7958,+3.89173
+5.7961,+3.94516
+5.7966,+4.09125
+5.797,+4.21149
+5.7973,+4.37559
+5.7977,+4.52126
+5.7981,+4.66198
+5.7986,+5.2762
+5.799,+4.96105
+5.7994,+5.48827
+5.7998,+5.76168
+5.8001,+5.4113
+5.8006,+4.8312
+5.801,+4.73597
+5.8014,+4.23155
+5.8017,+3.72002
+5.8021,+2.87198
+5.8026,+2.18565
+5.803,+1.78202
+5.8034,+1.00792
+5.8037,+0.0935779
+5.8041,-0.398262
+5.8046,-0.869721
+5.805,-1.69186
+5.8054,-2.42344
+5.8057,-3.06452
+5.8061,-3.71863
+5.8066,-4.56202
+5.807,-5.10147
+5.8074,-5.65853
+5.8077,-6.34499
+5.8081,-7.0259
+5.8086,-7.72111
+5.809,-8.36501
+5.8094,-8.74454
+5.8097,-9.14336
+5.8101,-9.56702
+5.8106,-9.75607
+5.811,-10.1405
+5.8114,-10.4941
+5.8119,-10.5565
+5.8121,-10.6383
+5.8126,-10.5124
+5.813,-10.5118
+5.8134,-10.4018
+5.8137,-10.2575
+5.8141,-9.54558
+5.8146,-9.23254
+5.815,-8.93209
+5.8154,-8.50666
+5.8158,-8.16776
+5.8161,-7.65174
+5.8166,-7.28309
+5.817,-6.77458
+5.8174,-6.33041
+5.8177,-6.07843
+5.8181,-6.03163
+5.8185,-5.56022
+5.819,-5.12905
+5.8194,-4.50953
+5.8197,-3.90887
+5.8201,-3.53037
+5.8206,-2.90573
+5.821,-2.42155
+5.8214,-1.29013
+5.8217,-0.441791
+5.8221,+0.133661
+5.8226,+1.23647
+5.823,+1.83421
+5.8234,+2.84754
+5.8237,+3.20203
+5.8241,+4.26811
+5.8246,+4.94439
+5.825,+5.75063
+5.8254,+5.68055
+5.8258,+5.54
+5.8261,+5.44475
+5.8266,+5.21521
+5.827,+5.56873
+5.8274,+5.28749
+5.8277,+5.00049
+5.8281,+4.53419
+5.8286,+4.29256
+5.829,+3.88855
+5.8294,+3.6637
+5.8297,+3.44488
+5.8301,+3.51343
+5.8306,+3.22337
+5.831,+2.94247
+5.8314,+2.35773
+5.8318,+1.93739
+5.8321,+1.44017
+5.8326,+1.05871
+5.833,+0.522336
+5.8334,-0.401664
+5.8337,-0.842984
+5.8341,-1.52047
+5.8346,-2.41976
+5.835,-3.27881
+5.8354,-3.98675
+5.8357,-3.8106
+5.8361,-4.21105
+5.8366,-5.0328
+5.837,-5.28166
+5.8374,-5.63869
+5.8378,-5.92067
+5.8381,-6.25764
+5.8393,-6.36922
+5.8396,-6.45348
+5.8398,-6.55303
+5.8401,-6.9274
+5.8406,-7.09721
+5.841,-7.04065
+5.8414,-7.13122
+5.8417,-6.8473
+5.8422,-6.55142
+5.8426,-6.1916
+5.843,-5.75334
+5.8433,-5.49047
+5.8437,-5.02419
+5.8441,-4.79138
+5.8446,-4.43788
+5.845,-4.13376
+5.8453,-3.78075
+5.8457,-3.27331
+5.8461,-2.93242
+5.8466,-2.62194
+5.847,-2.3149
+5.8473,-1.89693
+5.8477,-1.5523
+5.8481,-1.0534
+5.8485,-0.70275
+5.849,+0.304894
+5.8493,+0.50983
+5.8497,+0.758924
+5.8501,+1.16395
+5.8506,+1.44137
+5.851,+1.54744
+5.8513,+1.65149
+5.8517,+1.90363
+5.8521,+2.00638
+5.8526,+2.49235
+5.853,+2.66062
+5.8533,+3.27397
+5.8537,+3.76771
+5.8541,+3.44546
+5.8546,+3.4307
+5.855,+3.33859
+5.8553,+3.48923
+5.8557,+2.94338
+5.8561,+2.48218
+5.8566,+1.69482
+5.857,+1.02032
+5.8573,+0.0327386
+5.8577,-0.483011
+5.8581,-0.873008
+5.8586,-1.52637
+5.859,-2.05114
+5.8593,-2.95231
+5.8597,-3.34923
+5.8601,-3.82411
+5.8606,-4.2915
+5.861,-5.08504
+5.8613,-5.51082
+5.8617,-5.91275
+5.8622,-5.97108
+5.8626,-6.23192
+5.863,-6.18616
+5.8633,-5.94373
+5.8637,-6.14248
+5.8641,-5.86794
+5.8645,-6.14222
+5.865,-5.88988
+5.8653,-5.82593
+5.8657,-6.33958
+5.8661,-6.4592
+5.8665,-6.18438
+5.867,-6.61869
+5.8673,-6.69625
+5.8677,-6.37352
+5.8681,-6.345
+5.8685,-5.78533
+5.869,-5.7749
+5.8693,-5.43676
+5.8697,-5.39982
+5.8701,-5.04694
+5.8704,-4.8111
+5.871,-4.19316
+5.8713,-4.04323
+5.8717,-4.1902
+5.8721,-3.95908
+5.8726,-3.63445
+5.873,-3.45745
+5.8733,-3.58384
+5.8737,-3.38404
+5.8741,-3.04048
+5.8745,-2.70288
+5.875,-2.35433
+5.8753,-2.61035
+5.8757,-2.47041
+5.8761,-2.31638
+5.8765,-2.65802
+5.877,-2.77442
+5.8773,-2.2596
+5.8777,-2.23248
+5.8781,-2.76352
+5.8785,-3.2893
+5.879,-3.74792
+5.8793,-3.6871
+5.8797,-3.63935
+5.8801,-4.1344
+5.8805,-4.13442
+5.881,-4.14755
+5.8813,-4.59481
+5.8817,-4.5193
+5.8821,-4.40963
+5.8825,-4.21168
+5.883,-4.08905
+5.8833,-3.94216
+5.8837,-3.87187
+5.8841,-3.68333
+5.8845,-3.50661
+5.885,-3.41633
+5.8853,-3.25204
+5.8857,-3.16033
+5.8861,-3.10856
+5.8865,-3.34356
+5.887,-3.24622
+5.8873,-3.26503
+5.8877,-3.15677
+5.8881,-3.14417
+5.8885,-3.15142
+5.889,-3.20028
+5.8893,-3.24162
+5.8897,-3.0668
+5.8901,-3.08686
+5.8905,-2.85247
+5.891,-2.95036
+5.8913,-2.68875
+5.8917,-2.53052
+5.8921,-2.32701
+5.8926,-2.39961
+5.893,-2.28365
+5.8933,-2.26406
+5.8937,-2.43709
+5.8941,-2.34569
+5.8945,-2.509
+5.895,-2.67322
+5.8953,-3.03902
+5.8957,-3.39087
+5.8961,-3.72455
+5.8963,-3.989
+5.8965,-4.35577
+5.897,-4.33771
+5.8973,-4.63546
+5.8977,-4.75684
+5.8981,-5.04469
+5.8985,-5.05208
+5.899,-5.32009
+5.8993,-5.51253
+5.8997,-5.82723
+5.9001,-5.90062
+5.9005,-6.13539
+5.901,-6.24155
+5.9013,-6.42204
+5.9017,-6.59523
+5.9021,-6.50311
+5.9025,-6.83798
+5.9031,-6.75031
+5.9034,-6.73192
+5.9037,-6.68529
+5.9041,-6.43618
+5.9045,-5.88176
+5.905,-5.97779
+5.9053,-5.57885
+5.9057,-5.81581
+5.9061,-5.78929
+5.9065,-5.77384
+5.907,-5.39556
+5.9073,-5.26852
+5.9077,-4.66466
+5.9081,-4.83846
+5.9085,-4.83378
+5.909,-4.96953
+5.9093,-4.71908
+5.9097,-4.38344
+5.9101,-4.35331
+5.9105,-4.06475
+5.911,-4.23464
+5.9113,-4.14725
+5.9117,-4.52693
+5.9121,-4.34923
+5.9125,-4.53609
+5.913,-4.39306
+5.9133,-4.73024
+5.9137,-4.6244
+5.9141,-4.37528
+5.9144,-4.24237
+5.9146,-4.0461
+5.915,-4.03263
+5.9153,-3.86677
+5.9157,-3.85594
+5.9161,-3.91249
+5.9165,-3.93849
+5.917,-3.6558
+5.9173,-3.65588
+5.9177,-3.83834
+5.9181,-3.77045
+5.9185,-3.83143
+5.919,-3.70936
+5.9193,-3.7425
+5.9197,-3.63227
+5.9201,-3.47479
+5.9205,-3.30781
+5.921,-3.30438
+5.9213,-3.24416
+5.9217,-3.01433
+5.9221,-2.97829
+5.9225,-2.8586
+5.923,-2.68241
+5.9233,-2.49151
+5.9237,-2.2352
+5.9241,-2.04833
+5.9245,-1.86289
+5.925,-1.81657
+5.9253,-1.74788
+5.9257,-1.65706
+5.9261,-1.6107
+5.9265,-1.74761
+5.927,-1.55565
+5.9273,-1.41513
+5.9277,-1.31989
+5.9281,-1.11456
+5.9285,-0.760397
+5.929,-0.612184
+5.9293,-0.455657
+5.9297,-0.208456
+5.9301,-0.103742
+5.9305,+0.347253
+5.931,+0.284104
+5.9313,+0.359934
+5.9317,+0.571927
+5.9321,+0.573397
+5.9325,+0.438723
+5.9331,+0.602237
+5.9335,+0.868461
+5.9337,+0.929047
+5.9341,+1.0032
+5.9345,+1.00733
+5.935,+0.960007
+5.9353,+0.858584
+5.9357,+0.435365
+5.9361,+0.152889
+5.9365,-0.173048
+5.937,-0.379659
+5.9373,-0.828055
+5.9377,-1.1737
+5.9381,-1.42189
+5.9385,-1.95444
+5.939,-2.20365
+5.9393,-2.66052
+5.9397,-3.00488
+5.9401,-3.12754
+5.9405,-3.36886
+5.9417,-3.76772
+5.942,-4.14484
+5.9422,-4.368
+5.9425,-4.46435
+5.943,-4.49013
+5.9433,-4.63839
+5.9437,-4.72292
+5.9441,-4.71668
+5.9445,-5.01516
+5.945,-5.16316
+5.9453,-5.35088
+5.9457,-5.35288
+5.9461,-5.64517
+5.9465,-5.91998
+5.947,-5.70119
+5.9473,-5.79384
+5.9477,-5.71374
+5.9481,-5.79638
+5.9485,-5.80039
+5.949,-5.32425
+5.9493,-5.15296
+5.9497,-5.02957
+5.9501,-4.2549
+5.9505,-4.01583
+5.951,-4.3321
+5.9513,-4.11086
+5.9517,-4.04282
+5.9521,-3.9115
+5.9525,-3.50021
+5.953,-3.74542
+5.9533,-3.5007
+5.9537,-3.23278
+5.9541,-3.58196
+5.9545,-3.47998
+5.955,-3.12039
+5.9553,-3.01562
+5.9557,-2.8023
+5.9561,-2.57593
+5.9565,-2.54658
+5.957,-2.39969
+5.9573,-2.17119
+5.9577,-1.97474
+5.9581,-1.82441
+5.9585,-1.51008
+5.959,-1.31655
+5.9593,-1.07941
+5.9597,-0.881718
+5.9601,-0.696619
+5.9605,-0.471482
+5.961,-0.256517
+5.9613,-0.084707
+5.9617,+0.0271006
+5.9621,+0.283709
+5.9625,+0.271819
+5.963,+0.293407
+5.9633,+0.397015
+5.9637,+0.452653
+5.9641,+0.471756
+5.9645,+0.592288
+5.965,+0.431026
+5.9653,+0.173718
+5.9657,+0.00813786
+5.9661,-0.222919
+5.9665,-0.472632
+5.967,-0.55825
+5.9673,-0.712516
+5.9677,-0.843648
+5.9681,-0.8073
+5.9685,-1.12133
+5.969,-0.872851
+5.9693,-0.764417
+5.9697,-0.699719
+5.9701,-0.402731
+5.9705,-0.22902
+5.971,-0.150005
+5.9713,-0.0830474
+5.9717,+0.160052
+5.9721,+0.157939
+5.9725,+0.451161
+5.973,+0.46676
+5.9733,+0.568271
+5.9737,+0.613909
+5.9741,+0.564506
+5.9745,+0.788885
+5.975,+0.638963
+5.9753,+0.852908
+5.9757,+0.779487
+5.9761,+0.894871
+5.9765,+0.975226
+5.977,+0.894493
+5.9773,+0.733732
+5.9777,+0.944547
+5.9781,+0.882332
+5.9785,+0.735021
+5.979,+0.695951
+5.9793,+0.499166
+5.9797,+0.51644
+5.9801,+0.310919
+5.9805,-0.0876139
+5.981,+0.383815
+5.9813,+0.247258
+5.9817,+0.0334246
+5.9821,-0.094355
+5.9825,-0.217061
+5.983,-0.200001
+5.9833,-0.399292
+5.9837,-0.203903
+5.9841,-0.322166
+5.9845,+0.0699124
+5.985,-0.640768
+5.9853,-0.9085
+5.9857,-1.04853
+5.9861,-1.04934
+5.9865,-1.36769
+5.987,-1.52727
+5.9873,-1.82213
+5.9877,-1.96781
+5.9881,-2.08999
+5.9885,-2.63917
+5.989,-2.74021
+5.9893,-2.53482
+5.9897,-2.81025
+5.9901,-3.11353
+5.9905,-3.02111
+5.991,-3.16614
+5.9913,-3.05816
+5.9917,-3.30157
+5.9921,-3.40983
+5.9925,-3.37017
+5.993,-3.37017
+5.9933,-3.37017
+5.9937,-3.37017
+5.9942,-3.37017
+5.9945,-3.37017
+5.995,-3.37017
+5.9953,-3.37017
+5.9957,-3.37017
+5.9961,-3.37017
+5.9965,-3.37017
+5.9968,-3.37017
+5.9973,-3.37017
+5.9977,-3.37017
+5.9981,-3.37017
+5.9985,-3.37017
+5.999,-3.37017
+5.9993,-3.37017
+5.9997,-3.37017
+6.0001,-3.37017
